	1	2	3	4	5	6	7	8	9	10	11	12	13	14	15	16	17	18	19	20	21	22	23	24
16SC16810Y	0.222	-0.602	-3.136	-1.466	-1.337	-2.239	-0.053	-0.9590000000000001	0.88	0.449	-0.268	-1.0659999999999998	-1.9040000000000001	-0.183	0.46	1.361	2.12	-1.288	4.621	2.019	0.105	2.505	-34.817	0.506
16SC16132Y	0.665	-0.201	-0.855	-2.513	-0.573	-1.844	-0.16	-0.9590000000000001	0.46299999999999997	0.299	0.446	-0.8290000000000001	-1.9040000000000001	-0.7759999999999999	0.828	1.167	1.9480000000000002	-1.006	4.185	3.975	-0.58	1.766	-35.529	0.085
16SC11550Y	0.369	-0.669	-0.855	-1.78	-1.146	-1.449	-0.426	-0.746	-0.648	-0.075	0.892	-0.11800000000000001	-2.576	-0.456	-0.276	1.037	1.7469999999999999	-1.046	6.452000000000001	3.218	-0.263	1.314	-35.385999999999996	-0.491
16SC18850Y	0.628	-0.201	-1.14	-2.199	-0.764	-2.239	-0.213	-1.385	0.88	0.075	0.08900000000000001	-1.1840000000000002	-1.456	-1.278	0.184	0.648	0.773	-1.368	1.133	1.073	-0.8959999999999999	1.6019999999999999	-1.709	-6.102
16SC18818Y	0.369	-0.669	-1.568	-1.571	-1.051	-1.449	-0.479	-0.5329999999999999	-0.509	-0.075	0.268	0.0	-1.344	-0.091	-0.092	0.562	1.203	-0.402	4.01	3.281	0.632	1.15	-1.0859999999999999	-0.52
16SC11542Y	-0.295	-0.802	-1.639	-1.466	-0.669	-1.58	-0.585	-1.2790000000000001	-0.602	-0.299	0.7140000000000001	-1.0659999999999998	-0.672	-1.0490000000000002	-0.414	0.518	0.057	-0.563	3.4	1.514	-0.158	1.0270000000000001	-0.217	0.1
16SC04165Y	0.07400000000000001	-0.669	-2.423	-2.513	-1.146	-2.1069999999999998	-0.213	-0.5329999999999999	0.9259999999999999	0.15	-0.17800000000000002	-1.421	-1.9040000000000001	-0.091	0.138	2.225	1.719	-0.483	6.888	2.398	-0.263	2.793	0.214	-6.131
16SC18844Y	0.369	-0.33399999999999996	-0.855	-2.3040000000000003	-1.146	-0.6579999999999999	-0.479	-0.639	0.556	0.823	0.17800000000000002	0.237	-2.352	-0.27399999999999997	0.598	1.21	1.719	-0.322	3.4	3.092	-0.8959999999999999	2.259	-35.564	-0.39899999999999997
16SC15381Y	0.0	-1.27	-3.8480000000000003	-3.77	-2.101	-3.951	-0.585	-2.6639999999999997	0.787	0.075	-0.624	-2.487	-3.0239999999999996	-1.3230000000000002	0.322	0.8640000000000001	1.604	-1.69	7.062	2.208	0.0	2.8339999999999996	-34.603	0.883
16SC16118Y	0.591	-0.802	-3.7060000000000004	-3.2460000000000004	-2.006	-3.161	-0.319	-1.0659999999999998	0.741	0.449	-0.892	-1.6580000000000001	-3.4730000000000003	-1.004	0.414	1.167	2.464	-2.253	6.539	1.704	-0.053	3.162	-2.065	-5.903
16SC10440Y	0.44299999999999995	-0.602	-2.423	-2.513	-1.624	-2.239	-0.266	-1.172	0.741	0.0	-0.17800000000000002	-1.3030000000000002	-2.912	-0.958	0.506	1.339	1.547	-1.167	3.051	2.145	-0.527	2.423	-34.888000000000005	0.171
16SC18845Y	0.0	-0.067	-0.428	-1.99	-0.955	-1.185	-0.37200000000000005	-1.385	0.139	0.524	0.35700000000000004	0.11800000000000001	-1.344	0.27399999999999997	0.644	0.605	1.4040000000000001	-0.604	3.2260000000000004	2.7760000000000002	0.158	1.561	-2.563	-6.372999999999999
16SC19350Y	0.222	0.067	-2.8510000000000004	-2.3040000000000003	-0.573	-1.317	-0.106	-0.5329999999999999	0.371	0.524	0.268	-0.711	-1.176	-0.091	0.552	1.469	1.604	-1.368	4.795	2.019	-0.053	1.6840000000000002	-0.997	-6.273
16SC13730Y	-0.295	-0.33399999999999996	-1.14	-1.466	-0.287	-0.922	-0.16	-1.172	0.278	0.075	0.7140000000000001	-0.8290000000000001	-1.12	-0.27399999999999997	0.414	1.253	0.9740000000000001	-0.7240000000000001	2.7030000000000003	-0.126	-0.158	1.848	-0.07200000000000001	0.292
16SC16116Y	0.0	-0.46799999999999997	-1.7819999999999998	-2.6180000000000003	-1.242	-2.1069999999999998	-0.106	-1.0659999999999998	0.9259999999999999	-0.075	-0.35700000000000004	-0.474	-3.4730000000000003	0.365	0.828	1.9869999999999999	1.7469999999999999	-2.012	5.144	1.514	-0.58	2.546	-35.173	0.42700000000000005
16SC16412Y	0.222	-0.401	-2.28	-1.99	-1.528	-2.239	-0.106	-1.598	0.9259999999999999	0.15	-0.535	-0.8290000000000001	-2.8	0.13699999999999998	0.644	1.188	1.4040000000000001	-1.609	3.487	0.252	-0.632	2.3819999999999997	-35.244	0.42700000000000005
16SC15183Y	-0.369	-1.003	-2.138	-1.047	-1.146	-2.634	-0.319	-1.385	0.556	-0.374	0.08900000000000001	-2.0140000000000002	-1.008	-0.456	0.138	0.9940000000000001	0.802	-1.247	2.964	1.514	-0.42200000000000004	1.4369999999999998	0.42700000000000005	-6.095
16SC10465Y	0.0	-0.735	-0.57	-1.466	-0.955	-1.778	-0.37200000000000005	-0.852	-0.046	0.15	1.07	-0.8290000000000001	-1.232	0.5479999999999999	0.184	0.302	0.315	-0.402	2.354	3.218	-0.158	1.561	-0.997	-6.394
16SC07615Y	-0.222	-0.8690000000000001	-1.568	-2.6180000000000003	-1.051	-1.844	-0.37200000000000005	-1.385	-0.278	0.599	0.446	-0.237	-1.7919999999999998	0.046	0.552	0.907	2.005	-0.483	5.928999999999999	5.048	-0.21100000000000002	2.259	-0.6409999999999999	-6.4510000000000005
16SC16115Y	0.222	-0.9359999999999999	-4.276	-3.3510000000000004	-1.337	-2.1069999999999998	0.0	-2.238	0.695	0.299	-0.535	-0.5920000000000001	-4.257	-1.278	1.012	1.815	1.661	-1.368	6.19	1.01	-0.263	2.053	-1.5659999999999998	-5.832000000000001
16SC14376Y	0.295	-0.201	-2.138	-1.78	-1.242	-1.449	-0.213	-1.865	0.787	0.299	0.17800000000000002	-0.355	-1.568	0.0	0.575	0.778	1.146	-1.328	3.662	1.767	0.105	2.053	-0.6759999999999999	-6.202000000000001
16SC15388Y	0.07400000000000001	-0.669	-2.708	-1.675	-1.337	-1.975	-0.16	-1.385	0.602	-0.524	-0.446	-1.0659999999999998	-1.232	-0.183	0.736	0.778	1.26	-0.24100000000000002	5.144	1.073	0.58	1.93	-0.6409999999999999	-6.159
16SC18813Y	0.0	-0.535	-0.57	-2.199	-0.669	-0.922	-0.319	-1.2790000000000001	-0.324	0.075	0.17800000000000002	-0.5920000000000001	-1.344	0.5479999999999999	0.184	0.389	1.719	-0.885	4.272	2.5869999999999997	0.053	1.4369999999999998	-35.814	-0.449
16SC09208Y	0.591	-0.401	-0.57	-1.675	-0.955	-1.054	-0.319	-0.852	0.648	0.225	0.446	-1.6580000000000001	-2.52	-1.278	0.506	0.518	0.8590000000000001	-1.0859999999999999	0.523	2.271	0.0	1.561	-2.563	-6.23
16SC18141Y	0.185	-0.401	-1.995	-1.885	-0.955	-0.922	-0.053	-0.9590000000000001	0.509	0.15	0.535	-0.6509999999999999	-1.232	-0.183	0.552	1.037	1.776	0.08	3.2260000000000004	1.893	-0.316	2.053	-3.56	-6.3660000000000005
16SC18823Y	0.14800000000000002	-0.802	-1.71	-2.3040000000000003	-0.669	-1.054	-0.479	-0.426	-0.41700000000000004	0.225	0.624	-0.474	-1.68	0.365	0.046	0.19399999999999998	1.432	-0.523	3.051	2.524	-0.369	1.725	-35.458	-0.627
16SC17423Y	0.0	-0.535	-0.855	-2.094	-0.86	-0.79	-0.319	-0.5329999999999999	-0.09300000000000001	0.374	0.535	0.6509999999999999	-1.9040000000000001	-0.046	0.322	0.34600000000000003	1.318	-0.282	3.4	1.64	-0.79	0.945	-2.207	-6.437
16SC19331Y	0.369	-0.201	-1.14	-2.094	-1.051	-0.922	-0.16	-0.479	-0.648	0.15	0.08900000000000001	0.0	-2.352	-0.27399999999999997	-0.046	0.821	1.432	-0.322	4.534	2.65	-1.159	1.314	-35.102	-0.527
16SC15216Y	-0.14800000000000002	0.067	-0.713	-1.047	-0.478	-1.58	-0.479	-1.225	-0.09300000000000001	-0.374	0.7140000000000001	-1.3030000000000002	-0.672	-0.821	-0.092	0.518	0.22899999999999998	-0.805	1.482	-0.063	0.158	1.4369999999999998	-0.6409999999999999	-6.309
16SC18757Y	-0.369	-0.46799999999999997	-2.9219999999999997	-1.571	-1.051	-2.1069999999999998	-0.106	-1.0659999999999998	0.46299999999999997	-0.299	-0.268	-1.54	-1.568	-0.73	-0.138	1.253	0.917	-1.449	4.272	0.883	0.263	1.766	2.245	0.755
16SC13947Y	0.222	-0.602	-1.425	-2.094	-0.764	-1.449	-0.053	-1.0659999999999998	0.556	0.299	0.35700000000000004	-0.5920000000000001	-2.576	-0.639	0.782	1.901	1.776	-1.0859999999999999	5.841	2.398	-0.42200000000000004	2.9160000000000004	-0.42700000000000005	-6.131
16SC16156Y	0.14800000000000002	-0.134	-0.285	-1.466	-0.764	0.132	-0.426	-0.426	-0.41700000000000004	0.524	1.16	-0.237	-1.5119999999999998	0.27399999999999997	0.184	0.34600000000000003	0.45799999999999996	-0.483	1.831	3.155	-0.685	0.904	-35.814	-0.498
16SC15189Y	0.332	-0.602	-1.2830000000000001	-2.4090000000000003	-1.146	-0.988	-0.37200000000000005	-0.639	-0.602	0.524	0.981	0.11800000000000001	-2.688	0.091	0.368	1.08	1.8330000000000002	-0.7240000000000001	5.58	2.9019999999999997	-0.369	1.807	-35.671	-0.441
16SC15155Y	0.0	-1.003	-1.8530000000000002	-1.1520000000000001	-0.573	-2.1069999999999998	-0.319	-1.492	0.46299999999999997	-0.299	0.08900000000000001	-1.421	-0.11199999999999999	-0.456	0.345	0.907	0.28600000000000003	-0.322	2.267	0.126	0.369	1.643	2.6069999999999998	0.043
16SC08117Y	-0.222	-0.8690000000000001	-1.568	-1.78	-1.051	-1.185	-0.638	-1.172	-0.371	0.449	0.446	-0.237	-1.344	-0.13699999999999998	0.138	0.821	1.604	0.0	5.492999999999999	2.713	-0.369	1.807	-35.03	-0.52
16SC15215Y	-0.07400000000000001	-0.33399999999999996	-1.8530000000000002	-1.047	-0.955	-1.054	-0.266	-1.172	-0.139	0.299	0.624	0.11800000000000001	-1.9040000000000001	-0.5479999999999999	-0.092	0.43200000000000005	0.745	-1.609	1.308	2.65	-0.685	1.6019999999999999	-1.495	-6.394
16SC18233Y	0.369	-0.267	-1.14	-1.78	-0.287	-1.185	0.053	-0.479	0.648	0.748	-0.08900000000000001	-1.0659999999999998	-1.344	-0.502	0.552	0.648	1.26	-0.44299999999999995	2.79	1.325	-0.369	1.643	-0.6409999999999999	-6.3020000000000005
16SC16946Y	0.295	-0.267	-1.14	-1.9369999999999998	-1.051	-1.185	-0.37200000000000005	-0.5329999999999999	-0.41700000000000004	0.225	0.08900000000000001	-0.11800000000000001	-1.4	-0.639	0.092	0.9940000000000001	1.232	-1.328	3.487	2.271	-0.738	1.396	-35.173	-0.42
16SC99729Y	-0.14800000000000002	-0.602	-1.71	-1.466	-1.528	-1.449	-0.585	-0.639	-0.324	0.0	0.0	0.355	-1.568	-0.091	-0.138	0.389	1.3459999999999999	-0.684	4.795	3.281	-1.054	1.396	-0.29	-0.335
16SC16197Y	0.222	-0.46799999999999997	-2.138	-2.094	-1.815	-2.1069999999999998	-0.213	-0.9059999999999999	0.648	0.449	-0.268	-0.948	-3.361	-0.228	0.713	1.4909999999999999	1.117	-1.4080000000000001	4.708	0.883	0.527	2.464	-1.3530000000000002	-6.102
16SC18824Y	0.222	-0.401	-1.425	-1.885	-1.337	-1.449	-0.213	-1.172	0.185	0.374	0.535	-1.3030000000000002	-1.568	0.091	0.598	0.907	1.318	-0.765	3.662	2.7760000000000002	0.0	1.109	-0.217	-0.09300000000000001
16SC18826Y	0.295	-0.602	-1.568	-2.513	-0.764	-1.383	-0.213	-0.746	-0.139	0.299	-0.08900000000000001	-0.237	-2.24	0.0	-0.046	0.799	0.8590000000000001	-0.563	4.098	3.407	-0.105	1.396	-0.8190000000000001	-6.415
16SC10028Y	0.369	-0.46799999999999997	-1.568	-2.3040000000000003	-0.955	-1.975	-0.106	-1.172	0.648	0.449	-0.08900000000000001	0.0	-2.016	-0.456	0.598	1.901	2.062	-0.483	5.492999999999999	3.092	-0.263	2.9160000000000004	-35.173	0.392
16SC17428Y	-0.14800000000000002	-0.134	-0.14300000000000002	-1.885	-0.955	-1.054	-0.585	-0.5329999999999999	-0.787	0.075	0.981	0.8290000000000001	-2.128	0.456	0.184	0.34600000000000003	0.917	0.0	3.2260000000000004	2.334	-0.053	1.15	-1.3530000000000002	-6.579
16SC13047Y	-0.07400000000000001	-0.602	-0.57	-1.571	-0.287	-0.395	-0.532	0.213	-0.371	-0.075	0.35700000000000004	-0.711	-1.12	0.183	0.046	0.259	1.375	-0.36200000000000004	2.005	2.65	-1.001	0.78	-0.9259999999999999	-6.43
16SC13729Y	-0.295	-0.735	-3.136	-1.1520000000000001	-1.051	-1.58	-0.37200000000000005	-1.0659999999999998	0.46299999999999997	-0.299	-0.535	-0.948	-1.12	-0.9129999999999999	-0.023	0.518	0.401	-0.885	2.79	0.063	0.263	1.6019999999999999	1.376	0.498
16SC16945Y	0.295	-0.735	-1.8530000000000002	-2.3040000000000003	-0.669	-1.383	-0.266	-1.0659999999999998	-0.324	0.299	0.0	-0.5920000000000001	-1.9040000000000001	0.5479999999999999	0.23	1.08	1.5759999999999998	-0.966	5.667000000000001	3.659	-0.158	2.3409999999999997	-0.797	-0.16399999999999998
16SC19389Y	-0.295	-0.46799999999999997	-0.713	-1.047	-0.764	-1.054	-0.479	-0.746	-0.695	-0.299	-0.35700000000000004	-1.0659999999999998	0.0	-1.004	-0.23	0.10800000000000001	0.831	-0.483	2.354	1.514	-0.42200000000000004	1.068	-0.961	-6.501
16SC16121Y	0.369	-0.602	-1.14	-1.2570000000000001	-0.86	-0.132	-0.585	-0.639	-0.41700000000000004	0.299	0.892	-0.355	-1.344	-0.091	0.184	0.389	1.26	-1.167	2.616	2.524	-0.527	1.314	-35.6	-0.52
16SC15130Y	0.14800000000000002	-0.535	-1.425	-1.675	-0.478	-1.185	-0.426	-0.32	-0.648	-0.075	0.446	0.29600000000000004	-1.12	-0.228	0.0	0.17300000000000001	0.888	-0.523	2.441	2.9019999999999997	-0.263	1.314	-0.997	-6.5360000000000005
16SC19349Y	0.5539999999999999	-0.46799999999999997	-2.8510000000000004	-3.142	-1.433	-3.227	0.0	-1.172	0.88	-0.15	0.0	-0.474	-3.753	-0.639	1.012	1.771	2.005	-1.368	8.718	1.956	-0.738	2.6689999999999996	1.81	0.7759999999999999
16SC16473Y	-0.222	-1.27	-2.9930000000000003	-3.2460000000000004	-1.433	-2.897	-0.745	-1.811	0.602	-0.299	-1.07	-1.895	-2.7439999999999998	-0.867	0.552	1.879	1.805	-1.77	5.58	0.6940000000000001	-0.053	2.5869999999999997	-0.498	-5.874
16SC12080Y	-0.14800000000000002	-0.201	-1.71	-1.466	-1.051	-1.054	-0.319	-0.639	0.509	-0.225	-0.535	-0.11800000000000001	-1.008	-0.639	0.46	1.08	0.573	-0.563	2.79	1.956	-0.369	1.396	-0.89	-6.237
16SC16005Y	0.369	-0.602	-0.855	-1.675	-0.764	-0.79	-0.426	-0.32	-0.41700000000000004	0.075	0.446	-0.474	-1.568	-0.73	-0.138	-0.21600000000000003	0.687	-0.966	2.092	2.398	0.105	1.273	-2.278	-6.415
16SC16198Y	0.44299999999999995	-0.201	-1.14	-2.7230000000000003	-1.146	-0.922	-0.266	-0.852	1.065	1.123	-0.08900000000000001	-1.0659999999999998	-2.576	-1.551	0.69	1.296	1.776	-1.288	3.487	1.3880000000000001	-0.843	2.875	-2.9189999999999996	-6.18
16SC19346Y	0.295	-0.46799999999999997	-2.138	-2.199	-0.764	-1.317	-0.585	-1.0659999999999998	0.0	0.449	-0.08900000000000001	-0.711	-1.68	0.0	0.552	1.21	1.8330000000000002	-0.7240000000000001	6.277	2.65	0.21100000000000002	2.053	0.071	-6.3660000000000005
16SC16191Y	0.517	-0.201	-1.425	-2.199	-0.669	-1.054	-0.16	-0.639	0.41700000000000004	0.449	0.7140000000000001	0.0	-2.352	0.365	0.506	1.383	1.432	-0.7240000000000001	3.923	2.713	-0.8959999999999999	1.4369999999999998	-1.4240000000000002	-6.351
16SC16817Y	0.0	-0.46799999999999997	-1.425	-1.571	-0.478	-1.58	-0.266	-0.639	0.46299999999999997	0.15	0.17800000000000002	-0.8290000000000001	-1.008	0.27399999999999997	0.322	1.4040000000000001	0.22899999999999998	-0.161	2.528	1.893	-0.527	1.1909999999999998	-1.139	-6.237
16SC10782Y	0.591	0.0	-1.8530000000000002	-2.199	-0.955	-1.58	-0.106	-1.0659999999999998	0.88	0.15	0.7140000000000001	-0.474	-2.576	0.27399999999999997	0.529	1.469	1.547	-0.885	2.877	1.767	0.053	2.423	-35.244	-0.107
16SC16158Y	0.14800000000000002	-0.535	0.0	-1.466	-0.287	-0.395	-0.479	-0.426	-0.602	0.075	0.35700000000000004	-0.8290000000000001	-0.672	-1.004	-0.276	0.19399999999999998	0.573	-1.811	1.308	2.398	-0.843	1.0270000000000001	-1.709	-6.507999999999999
16SC13043Y	0.369	-0.46799999999999997	-1.568	-1.99	-0.478	-1.185	-0.213	-1.0659999999999998	0.278	0.674	0.446	0.059000000000000004	-1.624	-0.228	0.69	0.778	1.661	-0.805	4.621	3.029	-0.843	2.259	-35.885	-0.15
16SC18846Y	0.44299999999999995	-0.46799999999999997	-1.8530000000000002	-2.094	-0.764	-1.185	-0.106	-1.0659999999999998	0.41700000000000004	0.449	0.17800000000000002	-0.11800000000000001	-1.568	0.0	0.506	0.7340000000000001	1.26	0.0	3.4	2.7760000000000002	-0.105	1.355	-35.458	0.021
16SC19342Y	0.14800000000000002	-0.33399999999999996	-1.4969999999999999	-1.885	-1.051	-1.91	-0.106	-0.9590000000000001	0.556	0.449	0.268	-0.8290000000000001	-1.232	-0.456	1.012	1.5119999999999998	0.8590000000000001	-1.247	6.364	2.9019999999999997	-0.21100000000000002	2.094	-0.036000000000000004	-6.294
16SC17357Y	0.517	-0.267	-1.995	-3.037	-0.86	-1.185	-0.319	-0.799	0.602	0.748	0.624	-0.8290000000000001	-2.24	-0.183	0.759	1.555	2.349	-1.0859999999999999	5.405	3.786	0.58	2.546	-1.068	-6.2589999999999995
16SC16723Y	0.517	-1.003	-1.568	-2.094	-1.051	-2.502	-0.426	-1.385	-0.695	0.374	0.7140000000000001	-0.29600000000000004	-2.688	-0.5479999999999999	0.322	1.383	2.0340000000000003	-0.644	7.934	5.048	0.316	1.889	0.35600000000000004	-6.579
16SC19399Y	-0.14800000000000002	-0.46799999999999997	-0.57	-1.466	-0.86	-0.922	-0.16	-0.5329999999999999	-0.695	0.0	0.7140000000000001	-0.355	-1.232	-0.27399999999999997	-0.138	0.34600000000000003	1.49	-0.402	3.313	2.271	-0.263	1.561	-0.8690000000000001	-0.313
16SC19392Y	0.222	-0.602	-1.71	-1.99	-0.382	-1.449	-0.266	-0.426	-0.09300000000000001	0.449	0.535	0.237	-1.848	-0.27399999999999997	0.46	0.648	0.8590000000000001	-0.36200000000000004	2.441	2.5869999999999997	-0.316	1.52	-35.671	-0.42700000000000005
16SC16713Y	0.14800000000000002	-0.9359999999999999	-3.8480000000000003	-2.932	-1.719	-3.161	-0.213	-1.9180000000000001	0.9259999999999999	0.449	-0.08900000000000001	-2.25	-3.248	-1.095	0.667	2.2030000000000003	1.547	-0.885	4.621	1.956	-0.21100000000000002	2.5869999999999997	-34.817	0.662
16SC08998Y	-0.295	-0.46799999999999997	-1.14	-1.675	-1.051	-1.185	-0.426	-0.5329999999999999	-0.41700000000000004	0.299	1.07	0.29600000000000004	-1.12	0.41100000000000003	0.368	0.562	1.661	-0.7240000000000001	5.0569999999999995	2.7760000000000002	-0.158	1.848	-0.145	-0.47700000000000004
16SC18831Y	0.185	-0.669	-0.57	-1.99	-0.287	-0.395	-0.426	-0.426	-0.648	0.075	0.17800000000000002	-0.355	-1.7919999999999998	-0.183	0.23	0.302	0.917	-0.402	2.092	1.3880000000000001	-0.8959999999999999	0.7390000000000001	-1.3530000000000002	-6.4510000000000005
16SC15387Y	0.07400000000000001	-0.46799999999999997	-1.2830000000000001	-2.199	-0.86	-1.844	-0.532	-1.172	0.88	0.299	-0.08900000000000001	-0.711	-1.456	-0.365	0.8740000000000001	1.123	1.661	-1.167	4.534	2.019	0.263	1.93	-1.3530000000000002	-6.195
16SC09139Y	0.5539999999999999	-0.669	-0.428	-2.094	-1.528	-1.317	-0.532	-0.852	-0.695	0.374	0.7140000000000001	0.11800000000000001	-1.96	-0.27399999999999997	-0.138	0.475	1.776	-0.845	4.882	3.281	-0.369	1.355	-1.139	-6.551
16SC99738Y	0.0	-1.07	-0.998	-2.88	-1.242	-0.922	-0.426	-0.266	-0.09300000000000001	0.225	-0.268	-0.237	-1.568	-0.183	0.46	0.907	1.9480000000000002	-0.563	4.708	2.965	-0.527	1.725	-0.107	-6.415
16SC16949Y	0.44299999999999995	-0.401	-2.708	-2.984	-1.433	-3.292	-0.532	-0.9590000000000001	0.695	0.823	0.0	-1.6580000000000001	-2.24	0.27399999999999997	0.805	2.117	2.206	-1.0859999999999999	6.539	3.912	-0.263	2.752	-35.03	0.242
16SC08988Y	0.222	-0.669	-1.425	-2.3040000000000003	-1.433	-1.317	0.0	-0.639	0.185	0.374	0.446	-0.5920000000000001	-2.016	0.091	0.483	1.5119999999999998	2.234	-0.644	6.712999999999999	2.713	-0.474	2.3	-1.139	-6.3660000000000005
16SC19387Y	0.0	-0.9359999999999999	-2.138	-1.78	-1.528	-2.1069999999999998	-0.7979999999999999	-1.172	-0.695	-0.524	0.0	-0.5920000000000001	-1.456	-0.091	-0.184	0.951	1.633	-0.7240000000000001	7.672000000000001	2.524	0.8959999999999999	1.396	-0.145	0.121
16SC17362Y	0.222	-0.46799999999999997	-2.423	-1.675	-0.573	-1.58	-0.426	-1.2790000000000001	0.787	0.599	0.0	-0.474	-1.568	0.73	0.736	1.253	2.062	-1.5290000000000001	5.405	2.271	0.42200000000000004	1.848	-1.032	-6.216
16SC18822Y	0.0	-0.33399999999999996	-1.354	-2.4090000000000003	-0.955	-1.712	-0.479	-1.385	-0.324	0.0	0.268	-0.355	-1.4	-0.365	0.506	0.8640000000000001	1.2890000000000001	-1.609	3.662	3.155	-0.42200000000000004	1.643	-1.922	-6.415
16SC17351Y	0.369	-0.401	-2.138	-1.675	-0.955	-1.185	0.053	-0.746	0.648	0.0	0.268	-1.1840000000000002	-2.352	0.183	0.782	1.037	1.891	-0.7240000000000001	3.923	2.019	0.42200000000000004	1.9709999999999999	-1.068	-6.252000000000001
16SC18849Y	0.07400000000000001	-0.602	-2.423	-1.885	-1.242	-1.317	-0.585	-0.852	0.509	-0.225	-0.35700000000000004	-1.54	-2.464	-0.639	0.322	1.21	1.547	-1.368	2.528	0.126	-1.317	2.505	-35.03	0.263
16SC15500Y	0.14800000000000002	-0.602	-1.8530000000000002	-2.6180000000000003	-1.146	-1.317	-0.106	-0.852	-0.324	-0.15	0.624	-0.474	-2.912	-0.183	-0.023	1.037	1.518	-1.127	6.277	2.334	0.158	1.9709999999999999	-0.7240000000000001	-0.313
16SC16813Y	-0.07400000000000001	-0.735	-1.8530000000000002	-2.094	-0.86	-1.844	-0.479	-0.426	-0.371	0.225	0.0	-0.17800000000000002	-1.12	-0.5479999999999999	0.023	0.821	1.031	-0.483	4.882	2.9019999999999997	-0.369	1.52	-0.214	-6.43
16SC18816Y	0.517	-0.46799999999999997	-2.138	-2.67	-0.764	-1.975	-0.426	-0.639	0.973	0.449	0.535	-1.0659999999999998	-1.7919999999999998	-0.684	0.736	1.75	1.719	-1.247	5.58	2.019	-0.21100000000000002	2.957	-35.244	0.306
16SC19339Y	0.222	-0.8690000000000001	-1.2830000000000001	-1.885	-0.955	-1.449	-0.426	-0.852	-0.139	0.374	0.446	-0.11800000000000001	-0.84	-0.73	-0.023	0.778	1.432	-0.805	4.708	3.659	0.053	1.396	-35.529	-0.335
16SC16192Y	0.369	-0.535	-0.285	-1.99	-0.669	-0.527	-0.319	-0.5329999999999999	-0.139	0.075	0.892	-0.11800000000000001	-2.24	-0.41100000000000003	0.46	0.475	1.318	-0.966	3.139	2.145	-0.685	2.094	-35.955999999999996	-0.313
16SC19333Y	0.14800000000000002	-1.07	-1.8530000000000002	-2.199	-1.146	-1.185	-0.319	-0.426	-0.556	0.225	0.0	0.0	-2.016	0.0	-0.069	0.929	1.547	-0.483	6.277	3.029	-0.527	1.725	-0.797	-0.043
16SC16120Y	0.369	-0.8690000000000001	-2.9930000000000003	-2.513	-1.051	-1.712	-0.16	-2.238	0.41700000000000004	0.299	0.17800000000000002	-0.474	-2.912	-0.183	1.012	1.858	2.292	-1.73	5.58	2.7760000000000002	-0.685	2.423	-0.35600000000000004	-6.087999999999999
16SC12912Y	0.07400000000000001	-0.802	-3.991	-3.56	-1.433	-3.161	-0.532	-2.451	0.648	-0.524	-0.268	-2.0140000000000002	-4.369	-1.186	0.414	0.43200000000000005	1.604	-2.656	4.185	-0.379	-0.843	2.053	-34.603	0.89
16SC15187Y	0.222	-0.46799999999999997	-1.8530000000000002	-3.194	-1.242	-2.436	-0.266	-1.2790000000000001	1.112	0.15	0.0	-1.421	-2.352	-0.27399999999999997	0.414	1.383	2.062	-1.569	4.446000000000001	1.893	0.263	2.875	0.0	0.484
16SC19345Y	0.222	-0.602	-2.708	-2.827	-1.337	-2.239	-0.266	-0.586	0.741	0.225	0.0	-1.3030000000000002	-3.697	0.183	0.552	1.966	2.177	-0.7240000000000001	8.544	2.524	0.053	3.2030000000000003	0.579	0.733
16SC13048Y	0.295	-0.602	-1.425	-1.571	-0.86	-1.317	-0.319	-1.492	0.371	0.449	-0.35700000000000004	-0.355	-1.68	0.27399999999999997	0.483	1.08	1.203	-0.7240000000000001	3.8360000000000003	1.262	-0.263	2.053	-1.139	-6.3229999999999995
16SC10339Y	-0.295	-0.535	-1.71	-1.885	-1.242	-1.185	-0.479	-0.5329999999999999	-0.46299999999999997	0.075	1.07	0.474	-2.352	-0.456	-0.322	0.49700000000000005	1.891	-0.805	6.103	3.659	-0.053	1.314	-0.579	-0.263
16SC17332Y	0.07400000000000001	-0.46799999999999997	-2.138	-2.199	-0.764	-1.646	-0.053	-0.107	0.046	0.823	0.268	-0.237	-2.128	-0.183	0.46	1.08	0.9740000000000001	-0.563	3.662	1.64	-0.158	1.725	-0.071	-6.337000000000001
16SC16153Y	0.369	-0.33399999999999996	-1.14	-1.78	-0.764	-1.449	0.053	-0.426	0.371	0.299	0.17800000000000002	-0.5920000000000001	-1.344	0.091	0.644	1.037	0.745	-1.449	2.441	1.64	-0.527	1.355	-35.03	0.006999999999999999
16SC18221Y	0.295	-0.401	-2.8510000000000004	-2.094	-0.669	-2.37	-0.053	-0.9590000000000001	0.648	0.374	-0.535	-2.25	-0.8959999999999999	-0.5479999999999999	0.644	1.145	1.146	0.322	3.575	1.3880000000000001	0.105	1.848	-0.8540000000000001	-6.166
16SC18825Y	-0.07400000000000001	0.134	-0.214	-1.361	-0.86	-0.79	-0.638	-0.639	-0.139	0.15	0.7140000000000001	-1.54	-1.7919999999999998	-0.365	0.322	0.389	0.573	-0.966	0.349	1.704	-0.843	1.0270000000000001	-35.315	-0.491
16SC16459Y	0.44299999999999995	-0.46799999999999997	-0.855	-2.827	-1.242	-0.79	-0.479	-0.639	-0.41700000000000004	0.299	0.446	-0.5920000000000001	-1.344	0.091	0.322	0.389	1.8330000000000002	-0.7240000000000001	4.97	3.155	-0.21100000000000002	1.561	-35.955999999999996	-0.684
16SC16096Y	0.8859999999999999	-0.33399999999999996	-1.8530000000000002	-2.4090000000000003	-0.764	-2.1069999999999998	-0.37200000000000005	-1.2790000000000001	0.787	0.674	0.35700000000000004	-0.355	-2.296	0.319	1.012	1.21	1.547	-1.0859999999999999	5.58	2.334	-0.738	2.259	-0.6409999999999999	-6.172999999999999
16SC16160Y	0.591	-0.46799999999999997	-2.423	-1.361	-0.573	-0.988	-0.319	-0.693	0.695	0.225	0.268	-0.474	-2.016	0.183	0.736	1.296	1.661	-1.931	4.01	1.136	-0.158	2.053	-0.071	-6.216
16SC16978Y	0.517	-0.802	-1.995	-2.7230000000000003	-1.051	-1.054	-0.532	-0.746	-0.602	0.225	0.08900000000000001	0.474	-1.12	-0.319	-0.092	0.9940000000000001	1.661	-0.563	5.754	3.47	0.21100000000000002	1.643	-0.8540000000000001	-6.457999999999999
16SC16950Y	0.7390000000000001	-0.33399999999999996	-1.425	-1.99	-0.955	-1.251	-0.426	-0.746	0.41700000000000004	0.599	0.446	0.0	-2.352	0.183	0.782	1.339	1.719	-0.7240000000000001	4.359	2.019	-0.105	2.094	-35.6	-0.16399999999999998
16SC16415Y	0.665	-0.201	-1.7819999999999998	-3.037	-0.764	-1.778	0.16	-1.2790000000000001	1.065	0.674	1.07	-0.355	-2.912	-0.9129999999999999	1.012	1.771	1.891	-1.0859999999999999	5.144	3.281	-0.58	2.5869999999999997	-35.102	0.20600000000000002
16SC17336Y	0.369	-0.9359999999999999	-3.7060000000000004	-3.77	-1.624	-3.161	-0.479	-1.811	0.8340000000000001	0.0	0.08900000000000001	-1.244	-2.912	-0.27399999999999997	0.736	1.555	2.464	-1.046	7.149	1.64	-0.053	3.573	-0.285	-6.037999999999999
16SC17339Y	0.07400000000000001	-0.735	-0.998	-2.094	-1.242	-1.251	-0.16	-0.9590000000000001	-0.09300000000000001	0.599	0.08900000000000001	0.0	-1.68	-0.365	0.276	0.691	1.518	-0.885	3.923	3.029	0.158	1.15	-35.385999999999996	-0.5479999999999999
16SC99733Y	0.222	-0.201	-1.7819999999999998	-3.037	-1.242	-3.095	-0.16	-0.639	0.9259999999999999	0.823	0.0	-0.5920000000000001	-2.408	0.5479999999999999	0.966	1.9869999999999999	2.292	-0.161	6.8	3.912	0.21100000000000002	2.423	0.35600000000000004	-6.245
16SC13307Y	-0.222	-0.8690000000000001	-2.423	-1.885	-1.433	-2.502	-0.266	-1.705	0.324	-0.374	-0.892	-2.1319999999999997	-1.68	-1.095	-0.598	0.45399999999999996	0.45799999999999996	-1.0859999999999999	1.133	-0.631	0.474	0.986	-34.283	0.705
16SC12897Y	0.295	-0.401	-0.428	-1.675	-0.764	-0.79	-0.426	-1.172	-0.695	0.225	0.535	-0.059000000000000004	-2.352	-0.456	0.0	0.389	1.776	-1.609	3.7489999999999997	3.029	-0.79	1.4369999999999998	-35.6	-0.47700000000000004
16SC16007Y	0.369	-0.802	-2.28	-2.4090000000000003	-1.242	-1.449	-0.532	-1.172	0.973	0.299	-0.35700000000000004	-1.1840000000000002	-1.568	0.821	1.15	1.339	1.9480000000000002	-2.253	6.016	2.9019999999999997	0.158	2.094	0.07200000000000001	0.605
16SC16948Y	-0.07400000000000001	-1.203	-2.423	-2.251	-1.624	-1.58	-0.479	-1.598	0.602	0.075	0.0	-1.125	-2.7439999999999998	-1.004	0.322	0.605	2.005	-0.966	5.0569999999999995	0.0	-0.263	2.094	-1.175	-5.881
16SC19347Y	0.295	-0.602	-2.423	-2.827	-1.337	-2.37	0.053	-1.2790000000000001	1.3430000000000002	0.15	0.35700000000000004	-0.474	-2.464	-0.5479999999999999	1.311	1.771	1.318	-0.563	4.708	2.9019999999999997	-0.316	2.546	-35.173	0.128
16SC18811Y	0.07400000000000001	-0.201	-1.2830000000000001	-1.885	-1.051	-0.6579999999999999	0.106	0.0	0.278	0.599	0.0	-0.237	-2.016	-0.091	0.299	0.562	1.4609999999999999	-0.322	3.313	2.271	-0.158	2.012	-1.495	-6.3229999999999995
16SC16943Y	0.369	-0.802	-2.423	-2.042	-0.86	-2.1069999999999998	-0.213	-0.639	0.695	0.599	0.535	0.0	-1.624	-0.456	0.552	1.555	2.148	-0.966	6.8	3.092	0.263	2.3819999999999997	0.652	0.37
16SC16947Y	0.369	-0.46799999999999997	-1.9240000000000002	-1.3090000000000002	-0.382	-1.449	-0.106	-0.16	0.695	0.599	-0.08900000000000001	-0.711	-1.456	-0.9129999999999999	0.43700000000000006	1.4040000000000001	0.917	-0.563	2.79	1.514	-0.369	1.4369999999999998	-0.285	-6.245
16SC16266Y	0.369	-0.401	-0.428	-2.513	-1.146	-0.79	-0.426	-1.385	-0.556	-0.15	0.624	0.237	-2.016	-0.365	-0.207	0.259	1.547	-0.483	3.575	4.038	-0.369	1.6019999999999999	-35.849000000000004	-0.598
16SC17177Y	0.14800000000000002	-0.401	-1.995	-1.675	-1.337	-2.1069999999999998	-0.16	-0.639	1.112	0.599	0.08900000000000001	-1.125	-2.128	0.456	0.69	1.08	1.4040000000000001	-0.805	2.964	1.767	-0.685	2.3409999999999997	-1.2819999999999998	-6.122999999999999
16SC15675Y	0.14800000000000002	-0.669	-1.8530000000000002	-1.78	-0.478	-1.449	-0.106	-0.32	0.0	0.748	0.268	-0.5920000000000001	-1.9040000000000001	-0.365	0.368	0.929	1.4040000000000001	-0.523	5.492999999999999	3.786	-0.738	1.6840000000000002	0.142	-6.394
16SC18830Y	0.14800000000000002	-0.669	-1.8530000000000002	-1.99	-0.764	-2.502	-0.532	-1.705	0.9259999999999999	0.0	0.0	-1.3030000000000002	-1.568	-1.643	0.69	1.296	1.432	-0.644	3.923	2.398	0.632	2.3	-34.959	0.192
16SC99736Y	0.295	-0.267	-1.425	-1.885	-1.433	-1.185	-0.532	-0.639	-0.509	0.299	0.268	-0.5920000000000001	-1.456	0.091	0.414	0.821	1.661	-1.851	3.8360000000000003	3.029	-1.107	1.848	-35.814	-0.441
16SC08917Y	0.369	-0.46799999999999997	-0.998	-2.4090000000000003	-0.764	-0.922	-0.532	-0.5329999999999999	-0.509	-0.15	0.624	-0.11800000000000001	-1.232	-0.639	0.43700000000000006	0.778	1.375	-0.483	3.662	2.7760000000000002	-0.474	1.4369999999999998	-1.21	-6.465
16SC17425Y	0.0	-0.33399999999999996	-0.855	-1.571	-0.669	-0.527	-0.426	-0.107	-0.695	0.374	0.8029999999999999	0.237	-1.008	-0.046	-0.092	0.45399999999999996	1.518	-0.24100000000000002	3.139	2.7760000000000002	-0.632	1.273	-35.385999999999996	-0.7120000000000001
16SC15101Y	0.44299999999999995	-0.33399999999999996	-2.138	-1.78	-0.573	-0.922	-0.266	-0.5329999999999999	0.741	0.075	0.535	-0.5920000000000001	-1.008	0.046	0.184	0.821	1.146	-1.046	2.877	2.019	-0.105	1.766	-0.7829999999999999	-6.237
16SC15430Y	-0.037000000000000005	-0.33399999999999996	-1.14	-2.513	-1.051	-1.58	-0.479	-0.746	-0.556	0.075	0.268	-0.77	-1.7919999999999998	0.091	0.0	0.8640000000000001	1.318	-0.805	4.97	2.398	-0.21100000000000002	1.766	-0.941	-0.413
16SC13079Y	0.222	-0.267	-2.28	-1.675	-0.287	-2.041	-0.479	-0.852	0.046	-0.15	0.535	-1.0659999999999998	-0.672	-0.183	-0.046	0.778	1.146	-0.483	4.098	2.271	-0.053	1.643	-0.285	-6.415
16SC16818Y	0.517	-0.535	-0.855	-2.251	-0.764	-1.646	-0.266	-0.639	0.509	0.15	-0.08900000000000001	-0.8290000000000001	-1.5119999999999998	0.639	0.506	0.843	1.719	-0.684	3.051	4.038	-0.21100000000000002	2.136	-35.244	-0.071
16SC18405Y	0.369	-0.46799999999999997	-2.28	-2.094	-1.242	-1.712	-0.851	-1.2790000000000001	-0.509	-0.374	0.535	-0.5920000000000001	-1.9040000000000001	-0.091	-0.046	0.389	1.26	-0.845	3.4	4.164	-0.316	1.6840000000000002	-0.9259999999999999	-6.522
16SC18837Y	0.665	0.201	-0.57	-0.9420000000000001	-0.573	0.0	-0.426	0.0	-0.648	0.15	0.535	0.5920000000000001	-1.12	-0.27399999999999997	-0.506	0.21600000000000003	0.401	-0.805	0.6970000000000001	4.29	-1.107	1.4369999999999998	-4.058	-6.678999999999999
16SC19332Y	0.185	-0.669	-2.28	-2.199	-0.86	-1.844	-0.213	-0.426	-0.09300000000000001	0.225	0.446	0.5920000000000001	-1.848	0.365	0.69	1.4040000000000001	1.805	-0.644	7.672000000000001	3.533	-0.21100000000000002	1.15	0.0	-6.343999999999999
16SC13319Y	0.14800000000000002	-0.602	-0.998	-1.1520000000000001	-0.478	-0.6579999999999999	-0.479	-0.32	-0.741	-0.748	0.35700000000000004	-0.5920000000000001	-1.232	-1.095	-0.414	0.086	-0.172	-1.046	1.2209999999999999	2.271	0.105	1.643	-1.6380000000000001	-6.4510000000000005
16SC18814Y	0.665	-0.201	-1.995	-2.7230000000000003	-0.955	-0.79	-0.319	0.107	0.741	0.449	0.981	-1.0659999999999998	-1.7919999999999998	-0.41100000000000003	1.058	1.361	2.12	-1.449	4.708	2.65	-0.21100000000000002	2.998	-1.2819999999999998	-6.223
16SC19343Y	0.295	-0.602	-1.8530000000000002	-2.4090000000000003	-0.86	-1.185	0.16	-0.746	-0.46299999999999997	0.075	0.7140000000000001	0.11800000000000001	-2.016	-0.821	0.138	0.907	1.4609999999999999	-0.161	4.882	2.461	0.0	1.1909999999999998	-0.7120000000000001	-6.422999999999999
16SC15255Y	0.7390000000000001	-0.46799999999999997	-1.8530000000000002	-1.78	-1.051	-1.054	-0.638	-1.2790000000000001	0.046	0.674	0.17800000000000002	-0.474	-1.568	0.091	0.276	1.08	1.089	-0.885	4.97	3.407	-0.474	1.355	-0.35600000000000004	-6.3660000000000005
16SC15109Y	-0.295	-0.535	-0.998	-1.204	-1.242	-0.395	-0.319	-0.213	-0.556	0.075	0.08900000000000001	-0.948	-0.56	0.365	-0.046	0.043	1.031	-0.563	3.487	2.65	-0.316	1.15	-1.994	-6.529
16SC10030Y	-0.222	0.067	-0.57	-0.9420000000000001	-0.669	-0.527	-0.37200000000000005	-0.852	0.0	-0.15	0.17800000000000002	-0.5920000000000001	-0.672	-0.639	-0.138	0.13	0.0	-0.966	0.6970000000000001	0.063	-0.632	1.273	-2.065	-6.343999999999999
16SC16157Y	0.7390000000000001	-0.267	-1.069	-1.675	-0.382	-1.712	-0.053	-1.385	0.602	0.823	0.35700000000000004	-0.6509999999999999	-1.456	-0.5479999999999999	0.391	1.167	1.117	-0.885	3.139	1.767	-0.79	1.807	-35.03	-0.09300000000000001
16SC16119Y	-0.665	-1.671	-6.129	-4.084	-2.9610000000000003	-4.478	-0.745	-3.197	0.324	-0.599	-0.981	-1.895	-5.041	-0.821	0.299	1.771	2.5780000000000003	-1.4080000000000001	7.4110000000000005	0.883	-0.738	2.218	-0.46299999999999997	-5.611000000000001
16SC13042Y	-0.111	-0.735	-1.14	-1.99	-0.955	-0.6579999999999999	-0.6920000000000001	-0.746	-0.556	0.299	0.535	0.0	-0.8959999999999999	0.0	0.138	0.518	1.375	-0.483	4.882	3.344	0.263	0.986	-0.7829999999999999	-6.551
16SC16151Y	0.14800000000000002	-0.267	-1.71	-1.99	-0.955	-0.79	-0.585	-1.0659999999999998	-0.371	0.449	0.268	0.059000000000000004	-1.68	0.183	-0.184	0.41	0.63	-0.563	2.877	1.893	-0.685	1.725	-35.244	-0.292
16SC16152Y	0.258	-0.201	-0.9259999999999999	-2.6180000000000003	-1.051	-1.449	-0.426	-1.385	0.602	-0.15	0.446	-0.711	-1.456	0.456	0.43700000000000006	1.037	0.9740000000000001	-1.006	1.482	1.136	-0.21100000000000002	1.561	-1.068	-6.3229999999999995
16SC18781Y	-0.517	-0.735	-2.138	-1.78	-1.242	-1.91	-0.266	-1.172	-0.278	0.075	-0.446	0.059000000000000004	-2.128	-0.5479999999999999	0.115	0.7340000000000001	0.802	-0.885	6.016	1.767	0.263	1.6019999999999999	1.068	-6.394
16SC19396Y	0.222	-0.46799999999999997	-1.71	-1.2570000000000001	-0.478	-1.844	-0.213	-0.746	0.0	-0.449	0.892	0.0	-1.12	-0.27399999999999997	0.46	0.583	0.659	-0.322	3.923	1.893	0.316	1.848	-0.434	-0.027999999999999997
16SC14490Y	-0.369	-0.535	-2.423	-1.99	-2.101	-3.161	-0.479	-1.598	0.139	-0.898	-0.17800000000000002	-2.369	-2.6319999999999997	-1.186	-0.529	0.518	0.45799999999999996	-1.207	1.308	-0.883	0.316	1.807	-0.285	-6.01
16SC06666Y	0.665	-0.134	-2.28	-1.99	-1.051	-1.58	-0.053	-0.852	0.9259999999999999	0.0	-0.35700000000000004	0.0	-2.016	-0.27399999999999997	0.69	1.08	1.49	-0.7240000000000001	4.098	1.704	0.21100000000000002	2.012	-35.173	0.171
16SC19398Y	-0.14800000000000002	-0.201	-0.855	-1.675	-1.051	-1.185	-0.266	0.0	-0.556	-0.299	0.17800000000000002	-0.11800000000000001	-1.232	0.0	-0.046	0.259	1.146	-0.402	4.882	3.659	-0.105	1.766	-35.955999999999996	-0.612
16SC15243Y	0.7390000000000001	-0.33399999999999996	-1.2830000000000001	-2.7230000000000003	-1.337	-1.251	0.16	-1.0659999999999998	0.741	0.225	0.7140000000000001	-0.237	-3.361	-0.13699999999999998	0.552	1.858	2.492	-0.885	5.58	3.533	-0.158	2.546	-0.42700000000000005	-6.273
16SC15419Y	-0.222	-0.535	-2.5660000000000003	-2.513	-0.669	-1.975	-0.053	-1.492	0.46299999999999997	0.225	0.17800000000000002	-1.3030000000000002	-1.568	0.091	0.575	1.642	2.0909999999999997	-0.322	5.841	2.65	0.263	2.3	-0.214	-6.316
16SC18847Y	0.14800000000000002	0.0	-1.71	-1.99	-1.146	-1.712	-0.106	-0.213	0.695	0.823	0.446	-0.8290000000000001	-2.016	-0.41100000000000003	0.368	1.21	1.375	-1.5290000000000001	2.267	1.893	-0.105	2.3409999999999997	-35.102	-0.057
16SC18820Y	0.44299999999999995	-0.401	-1.14	-1.78	-1.146	-0.263	-0.319	-0.9590000000000001	-0.41700000000000004	0.299	0.35700000000000004	-0.237	-1.456	0.0	0.46	0.7559999999999999	1.604	-0.322	2.7030000000000003	2.713	-0.053	1.232	-1.3530000000000002	-6.608
16SC15221Y	-0.07400000000000001	-0.33399999999999996	-0.57	-1.99	-0.096	-1.317	-0.479	-1.172	-0.324	0.299	0.08900000000000001	0.0	-1.008	-0.091	-0.138	0.17300000000000001	0.8590000000000001	-0.765	1.6569999999999998	1.64	-0.527	0.986	-1.5659999999999998	-6.4079999999999995
16SC16808Y	0.222	-0.33399999999999996	-0.855	-1.78	-0.573	-0.988	-0.16	0.0	-0.41700000000000004	0.15	0.7140000000000001	0.237	-1.456	0.0	0.0	0.648	1.776	-0.08	4.621	3.344	-0.632	1.6840000000000002	-35.885	-0.57
16SC99740Y	-0.14800000000000002	-0.669	-2.209	-0.9420000000000001	-1.146	-2.239	-0.426	-0.746	0.648	-0.15	-0.8029999999999999	-1.3030000000000002	-1.456	-0.5479999999999999	0.368	0.9940000000000001	0.401	-0.644	3.313	-0.252	0.053	1.725	1.159	0.363
16SC12000Y	0.222	-0.46799999999999997	-1.2830000000000001	-2.094	-0.86	-1.317	-0.479	-0.479	0.0	0.524	0.17800000000000002	0.11800000000000001	-1.568	-0.456	0.552	0.778	1.776	-0.402	4.185	3.281	-0.21100000000000002	1.93	-35.6	-0.285
16SC19391Y	0.111	-0.33399999999999996	-2.138	-1.78	-0.764	-1.91	-0.37200000000000005	-0.852	0.509	0.674	0.268	-0.6509999999999999	-1.232	0.365	0.8740000000000001	1.167	0.917	-0.805	3.139	1.64	0.21100000000000002	2.094	-0.434	0.32799999999999996
16SC16065Y	0.07400000000000001	-0.802	-1.2830000000000001	-1.885	-1.337	-1.975	-0.426	-1.172	-0.41700000000000004	0.15	0.35700000000000004	-0.355	-1.7919999999999998	-0.091	0.23	0.691	1.146	-1.247	4.882	4.732	-0.263	1.643	-35.315	-0.42700000000000005
16SC16967Y	0.295	-0.8690000000000001	-0.998	-2.3040000000000003	-1.146	-1.712	-0.213	-1.172	-0.371	0.075	0.446	0.474	-0.8959999999999999	-0.27399999999999997	0.0	0.8640000000000001	1.26	-0.563	4.272	3.407	-0.474	1.1909999999999998	-35.385999999999996	-0.406
16SC01235Y	0.111	-0.46799999999999997	-1.7819999999999998	-1.885	-0.955	-1.185	-0.426	-0.852	-0.787	-0.15	0.0	-0.5329999999999999	-1.064	-0.639	-0.299	0.691	0.945	-0.08	5.144	2.524	-0.42200000000000004	1.807	-0.797	0.064
16SC99739Y	0.369	-0.33399999999999996	-2.5660000000000003	-2.6180000000000003	-1.242	-1.844	-0.106	-0.852	0.9259999999999999	-0.075	-0.268	-0.237	-1.7919999999999998	-0.639	0.736	1.383	1.9480000000000002	-1.288	5.318	2.9019999999999997	-0.474	1.9709999999999999	-0.42700000000000005	-6.152
16SC18230Y	0.07400000000000001	-0.535	-1.2830000000000001	-1.466	-0.669	-1.054	-0.106	-0.746	-0.41700000000000004	0.449	0.0	-0.5920000000000001	-1.344	-0.9129999999999999	-0.207	0.151	0.687	-1.207	3.487	3.281	-0.474	1.109	-35.173	-0.527
16SC16193Y	0.07400000000000001	-0.201	-1.14	-1.885	-1.146	-0.922	-0.106	-0.852	0.278	0.748	0.624	-0.355	-1.232	0.183	0.345	0.929	1.518	-0.644	3.051	2.965	-0.263	1.068	-35.03	-0.185
16SC18821Y	0.07400000000000001	-0.201	-0.071	-1.885	-0.478	-0.922	-0.532	-0.32	-0.556	0.15	0.0	-0.059000000000000004	-1.064	-0.73	-0.184	0.13	0.8590000000000001	-0.24100000000000002	2.964	1.893	-0.58	1.1909999999999998	-35.385999999999996	-0.591
16SC16476Y	0.44299999999999995	-0.201	-1.71	-2.094	-1.146	-1.449	-0.319	-1.0659999999999998	0.23199999999999998	0.15	0.17800000000000002	-1.0659999999999998	-1.344	-0.183	0.0	0.8859999999999999	0.9740000000000001	-0.7240000000000001	3.8360000000000003	3.407	-0.105	1.725	-35.03	-0.17800000000000002
16SC13942Y	0.369	-0.602	-2.138	-2.984	-1.719	-1.449	-0.266	-0.9590000000000001	1.065	0.225	-0.17800000000000002	-0.8290000000000001	-1.568	-0.958	0.644	1.469	1.375	-0.805	5.144	2.208	-0.58	2.053	-35.102	0.527
16SC16129Y	0.07400000000000001	-0.8690000000000001	-3.278	-3.77	-1.719	-3.029	-0.6920000000000001	-1.9180000000000001	0.602	-0.075	-0.446	-1.244	-4.033	-1.186	1.058	2.247	2.406	-2.052	6.626	2.713	-1.212	3.285	-0.9259999999999999	-5.881
16SC16942Y	0.369	-0.267	-1.71	-1.571	-0.764	-2.1069999999999998	-0.053	-0.426	0.648	0.225	0.7140000000000001	-1.1840000000000002	-1.9040000000000001	0.365	0.322	1.167	1.232	-1.127	4.795	0.946	-0.263	2.177	-0.42700000000000005	-6.309
16SC12893Y	0.369	-0.669	-0.14300000000000002	-2.3040000000000003	-1.242	-0.395	-0.585	-0.852	-0.602	0.524	0.7140000000000001	-0.11800000000000001	-1.7919999999999998	0.5479999999999999	0.138	0.648	0.945	-0.24100000000000002	4.098	3.533	-0.632	1.273	-0.941	-0.299
16SC18848Y	0.14800000000000002	-0.267	-1.568	-2.513	-0.86	-1.449	0.0	-1.0659999999999998	0.88	0.674	-0.268	-0.711	-2.128	-0.046	0.782	1.426	1.891	-1.609	3.4	0.883	-0.79	2.423	-1.3530000000000002	-6.152
16SC13308Y	0.517	-0.33399999999999996	-1.425	-1.885	-0.955	-1.58	-0.053	-1.172	0.8340000000000001	0.374	0.268	-0.711	-2.352	-0.821	0.782	0.821	1.26	-1.5290000000000001	2.092	2.019	-1.107	2.3	-35.458	0.263
16SC18812Y	0.44299999999999995	-0.602	-1.425	-2.513	-0.86	-1.317	0.16	-0.5329999999999999	0.23199999999999998	0.225	0.624	-0.11800000000000001	-2.128	0.183	0.368	1.123	1.8330000000000002	-0.402	4.621	3.218	-1.212	1.807	-0.42700000000000005	-6.351
16SC16478Y	0.295	-0.401	-0.713	-2.3040000000000003	-0.764	-0.922	-0.426	-0.9590000000000001	-0.787	-0.225	0.535	0.0	-1.7919999999999998	-0.091	-0.414	0.43200000000000005	1.49	-1.207	4.098	3.281	-0.21100000000000002	1.93	-35.6	-0.769
16SC17415Y	0.369	-0.33399999999999996	-0.285	-1.99	-0.955	-1.317	-0.745	-0.639	0.324	0.674	0.268	-0.11800000000000001	-1.568	-0.639	0.184	0.43200000000000005	0.9740000000000001	-0.644	2.7030000000000003	1.893	-0.738	1.6019999999999999	-34.176	-0.598
16SC18672Y	0.111	-0.267	-1.354	-1.78	-0.287	-0.79	-0.37200000000000005	-0.852	-0.41700000000000004	0.075	0.535	-0.6509999999999999	-1.68	-0.091	0.046	0.389	0.9740000000000001	-0.402	3.139	2.019	-0.58	2.012	-0.605	-6.43
16SC09151Y	0.0	-0.46799999999999997	-1.14	-1.885	-1.528	-1.449	-0.638	-1.492	-0.695	0.225	-0.17800000000000002	0.355	-1.344	-0.5479999999999999	0.253	0.907	1.8330000000000002	-0.644	5.667000000000001	3.155	0.21100000000000002	2.136	-35.244	-0.335
16SC08989Y	0.185	-0.134	-1.2830000000000001	-1.571	-0.86	-1.185	-0.426	-0.639	-0.139	0.674	0.446	-0.5920000000000001	-1.68	-0.183	0.506	0.691	1.26	-0.7240000000000001	5.58	2.271	-0.316	1.766	-1.21	-6.394
16SC14733Y	0.517	-0.33399999999999996	-1.2830000000000001	-2.4090000000000003	-0.955	-1.317	-0.053	-0.16	0.23199999999999998	0.225	0.08900000000000001	0.11800000000000001	-1.68	0.456	0.552	0.951	1.375	-0.604	2.79	3.533	-0.8959999999999999	1.6019999999999999	-1.21	-6.3660000000000005
16SC19211Y	-0.07400000000000001	-0.401	-2.0669999999999997	-1.1520000000000001	-0.86	-1.58	-0.532	-2.025	0.556	-0.599	0.0	-1.6580000000000001	-1.7919999999999998	0.0	0.046	1.383	0.63	-1.4080000000000001	4.795	0.063	0.21100000000000002	1.848	0.142	-6.166
16SC16195Y	0.96	0.134	-0.713	-2.199	-1.051	-0.7240000000000001	-0.638	-0.852	0.509	0.748	0.892	-1.3030000000000002	-2.128	-0.639	0.69	0.562	1.518	-1.207	0.785	2.7760000000000002	0.369	1.848	-2.8480000000000003	-6.3020000000000005
16SC16457Y	-0.07400000000000001	-1.07	-2.9930000000000003	-3.3510000000000004	-0.764	-3.095	-0.266	-1.811	1.0190000000000001	-0.15	-0.35700000000000004	-1.54	-3.248	-0.9129999999999999	0.782	1.815	2.464	-2.173	7.324	2.019	-0.105	2.957	0.7240000000000001	0.9470000000000001
16SC15128Y	0.14800000000000002	-0.134	-1.9240000000000002	-2.4090000000000003	-0.287	-1.054	-0.213	-1.172	-0.139	0.15	0.08900000000000001	-0.474	-1.232	-0.319	0.414	0.713	1.375	-0.966	4.621	2.7760000000000002	-0.158	1.848	-0.997	-6.4079999999999995
16SC15385Y	0.07400000000000001	-0.602	-1.7819999999999998	-1.675	-0.287	-1.514	-0.266	-1.811	0.787	0.299	0.446	-1.3030000000000002	-2.128	-0.5479999999999999	0.552	0.7340000000000001	0.802	-0.966	3.8360000000000003	0.0	0.053	1.068	-0.57	-6.087999999999999
16SC15190Y	0.14800000000000002	-0.735	-1.71	-2.932	-1.146	-2.502	-0.532	-1.2790000000000001	0.09300000000000001	0.075	0.446	-0.237	-3.136	-0.456	0.759	1.5119999999999998	2.349	-0.845	7.062	4.669	0.21100000000000002	2.3819999999999997	0.0	-0.192
15SC4443Y	0.812	-0.8690000000000001	-1.8530000000000002	-2.4090000000000003	-1.337	-2.37	0.16	-1.2790000000000001	0.8340000000000001	0.748	-0.08900000000000001	-1.6580000000000001	-1.232	-0.73	0.414	0.843	1.719	-0.885	5.58	1.704	-0.632	2.752	-35.03	0.271
16SC15480Y	0.222	-0.9359999999999999	-3.136	-2.7230000000000003	-1.528	-2.37	-0.585	-2.025	0.602	-0.225	0.35700000000000004	-0.711	-2.24	-0.27399999999999997	0.69	1.469	2.406	-1.288	5.318	2.271	-0.369	2.9160000000000004	-0.285	-5.995
16SC19400Y	0.0	-0.535	-1.425	-1.675	-0.478	-1.054	-0.37200000000000005	-0.9590000000000001	-0.648	0.225	0.08900000000000001	-0.11800000000000001	-1.232	-0.821	-0.092	0.821	1.031	-0.322	4.621	3.659	-0.316	1.273	-1.3030000000000002	-0.35600000000000004
16SC18829Y	0.222	-0.602	-1.2830000000000001	-2.042	-0.955	-1.054	-0.7979999999999999	-0.746	-0.139	0.299	0.0	-0.17800000000000002	-2.464	0.091	0.506	0.389	1.8330000000000002	-1.046	4.446000000000001	2.7760000000000002	-0.263	1.848	-35.955999999999996	-0.698
16SC19397Y	-0.07400000000000001	-0.602	-1.425	-1.99	-1.337	-1.185	-0.426	-0.32	-0.09300000000000001	0.15	0.268	0.237	-1.7919999999999998	-0.183	0.414	0.43200000000000005	0.9740000000000001	-0.563	3.8360000000000003	2.9019999999999997	0.053	1.725	-1.0859999999999999	-0.263
16SC19393Y	0.222	-0.735	-0.998	-1.78	-0.573	-1.054	-0.479	-0.426	-0.973	0.374	0.17800000000000002	0.355	-1.624	0.456	0.046	0.691	0.9740000000000001	-0.402	3.051	3.281	0.158	1.068	-35.742	-0.8759999999999999
16SC16475Y	0.222	-0.802	-0.214	-2.094	-0.669	-1.185	-0.266	-0.639	-0.509	0.225	-0.17800000000000002	-0.8290000000000001	-1.5119999999999998	-0.365	0.138	0.43200000000000005	1.089	-0.483	1.831	2.7760000000000002	-0.42200000000000004	0.945	-35.671	-0.37
16SC15339Y	-0.07400000000000001	-0.669	-1.2830000000000001	-2.094	-0.86	-1.054	-0.319	-0.213	-0.695	1.048	0.624	-0.29600000000000004	-2.128	0.183	-0.115	0.49700000000000005	1.203	-1.006	4.098	2.9019999999999997	-0.527	2.136	-0.8540000000000001	-6.501
16SC18815Y	1.1079999999999999	-0.401	-1.8530000000000002	-2.6180000000000003	-1.051	-2.041	-0.106	-1.385	0.741	0.674	-0.17800000000000002	-0.77	-2.8	-0.5479999999999999	0.644	0.907	1.891	-1.046	4.185	0.883	-0.158	2.423	-1.3530000000000002	-6.131
16SC15146Y	0.517	-0.401	-0.499	-2.094	-1.146	-1.58	0.053	-1.172	0.139	-0.075	-0.17800000000000002	0.11800000000000001	-1.68	-0.456	0.368	0.562	1.089	-0.322	3.139	2.271	-0.58	1.643	-35.671	-0.406
16SC18817Y	0.222	-0.46799999999999997	-1.2830000000000001	-2.199	-0.955	-0.922	-0.532	0.0	-0.509	-0.449	0.446	0.237	-1.7919999999999998	-0.5479999999999999	0.184	0.17300000000000001	1.661	-0.966	3.575	3.786	-0.527	1.725	-2.421	-6.465
16SC16069Y	0.14800000000000002	-0.602	-1.8530000000000002	-1.885	-1.337	-2.634	-0.745	-0.5329999999999999	-0.602	-0.599	0.535	-0.355	-1.7919999999999998	-0.9129999999999999	0.046	1.253	0.745	-1.046	5.58	3.407	0.105	1.848	-0.579	-0.15
16SC14739Y	0.14800000000000002	-0.669	-2.8510000000000004	-2.3040000000000003	-1.719	-2.1069999999999998	-0.37200000000000005	-1.012	0.695	0.0	-0.08900000000000001	-1.0659999999999998	-2.912	-0.5479999999999999	0.782	1.555	2.464	-1.449	4.97	1.514	-0.158	3.162	-1.495	-5.995
16SC12899Y	0.369	-0.669	-0.713	-2.199	-0.573	-0.6579999999999999	-0.585	-0.852	-0.324	0.075	0.0	0.474	-1.008	-0.73	0.276	0.302	1.26	-0.523	3.2260000000000004	2.524	-0.58	1.232	-0.797	-0.42700000000000005
16SC16130Y	0.295	-0.735	-1.995	-2.513	-0.955	-1.58	-0.532	-0.746	0.23199999999999998	0.15	0.624	0.474	-2.016	-0.046	0.368	1.102	2.406	-0.563	5.841	3.218	-0.58	2.259	-1.21	-6.415
16SC16805Y	-0.14800000000000002	-0.267	-1.425	-1.675	-0.573	-1.975	-0.426	-0.107	0.324	0.225	0.981	-0.237	-1.68	0.27399999999999997	0.184	0.907	1.146	-1.368	3.7489999999999997	2.65	-1.001	1.807	-1.139	-6.287000000000001
16SC16133Y	0.7390000000000001	0.0	-1.2109999999999999	-2.094	-0.669	-1.317	-0.319	-1.2790000000000001	0.648	0.823	0.35700000000000004	-0.11800000000000001	-2.688	-0.091	0.92	0.929	1.776	-1.609	3.2260000000000004	2.524	0.0	2.218	-35.6	-0.078
16SC19222Y	0.44299999999999995	-0.602	-1.71	-2.3040000000000003	-0.573	-1.58	-0.213	-1.0659999999999998	0.648	0.898	0.35700000000000004	0.0	-1.344	1.004	0.483	1.08	2.0340000000000003	-1.368	4.621	3.407	-0.369	2.136	-0.36200000000000004	0.036000000000000004
16SC17388Y	0.369	-0.201	-1.995	-2.6180000000000003	-0.478	-0.922	-0.319	-0.852	0.973	0.225	0.08900000000000001	-0.355	-1.7919999999999998	0.091	1.035	1.08	1.8330000000000002	-1.368	4.708	3.155	0.0	2.218	-0.7829999999999999	-6.18
16SC17377Y	0.517	-0.401	-1.71	-2.094	-0.573	-1.185	0.053	-1.172	0.509	-0.225	0.17800000000000002	-0.8290000000000001	-1.568	-0.365	0.414	1.469	1.2890000000000001	-0.402	5.405	2.5869999999999997	-0.263	2.136	1.4480000000000002	0.221
16SC17430Y	0.369	-0.33399999999999996	-0.428	-1.466	-1.146	-1.317	-0.479	-0.213	0.0	0.15	-0.268	-0.11800000000000001	-2.352	-0.228	0.414	0.54	1.146	-0.322	2.092	1.893	-0.58	1.273	-1.4240000000000002	-6.4079999999999995
mean	0.209035	-0.506785	-1.6487	-2.092225	-0.978645	-1.52009	-0.32532	-0.921415	0.154415	0.204735	0.219425	-0.55873	-1.84917	-0.275635	0.349945	0.940355	1.398595	-0.87531	4.16829	2.369175	-0.27217	1.850955	-1.0025/-23.32703	-3.190235
std	0.284537593272	0.280004376805	0.871193682347	0.574374533645	0.396978271085	0.720419128357	0.213592924242	0.520372134696	0.573647207234	0.35411118087	0.424145199343	0.642931287387	0.759028234259	0.483540441502	0.371171068086	0.504115354286	0.548069687986	0.494954922977	1.62781296566	1.07452192683	0.411974594401	0.558075167372	0.837977380905/16.8199713445	3.12652669518
