	1	2	3	4	5	6	7	8	9	10	11	12	13	14	15	16	17	18	19	20	21	22
16SC16810Y	0.222	-0.602	-3.136	-1.466	-1.337	-2.239	-0.053	-0.959	0.88	0.449	-0.268	-1.066	-1.904	-0.183	0.46	1.361	2.12	-1.288	4.621	2.019	0.105	2.505
16SC16132Y	0.665	-0.201	-0.855	-2.513	-0.573	-1.844	-0.16	-0.959	0.463	0.299	0.446	-0.829	-1.904	-0.776	0.828	1.167	1.948	-1.006	4.185	3.975	-0.58	1.766
16SC11550Y	0.369	-0.669	-0.855	-1.78	-1.146	-1.449	-0.426	-0.746	-0.648	-0.075	0.892	-0.118	-2.576	-0.456	-0.276	1.037	1.747	-1.046	6.452	3.218	-0.263	1.314
16SC18850Y	0.628	-0.201	-1.14	-2.199	-0.764	-2.239	-0.213	-1.385	0.88	0.075	0.089	-1.184	-1.456	-1.278	0.184	0.648	0.773	-1.368	1.133	1.073	-0.896	1.602
16SC18818Y	0.369	-0.669	-1.568	-1.571	-1.051	-1.449	-0.479	-0.533	-0.509	-0.075	0.268	0.0	-1.344	-0.091	-0.092	0.562	1.203	-0.402	4.01	3.281	0.632	1.15
16SC11542Y	-0.295	-0.802	-1.639	-1.466	-0.669	-1.58	-0.585	-1.279	-0.602	-0.299	0.714	-1.066	-0.672	-1.049	-0.414	0.518	0.057	-0.563	3.4	1.514	-0.158	1.027
16SC04165Y	0.074	-0.669	-2.423	-2.513	-1.146	-2.107	-0.213	-0.533	0.926	0.15	-0.178	-1.421	-1.904	-0.091	0.138	2.225	1.719	-0.483	6.888	2.398	-0.263	2.793
16SC18844Y	0.369	-0.334	-0.855	-2.304	-1.146	-0.658	-0.479	-0.639	0.556	0.823	0.178	0.237	-2.352	-0.274	0.598	1.21	1.719	-0.322	3.4	3.092	-0.896	2.259
16SC15381Y	0.0	-1.27	-3.848	-3.77	-2.101	-3.951	-0.585	-2.664	0.787	0.075	-0.624	-2.487	-3.024	-1.323	0.322	0.864	1.604	-1.69	7.062	2.208	0.0	2.834
16SC16118Y	0.591	-0.802	-3.706	-3.246	-2.006	-3.161	-0.319	-1.066	0.741	0.449	-0.892	-1.658	-3.473	-1.004	0.414	1.167	2.464	-2.253	6.539	1.704	-0.053	3.162
16SC10440Y	0.443	-0.602	-2.423	-2.513	-1.624	-2.239	-0.266	-1.172	0.741	0.0	-0.178	-1.303	-2.912	-0.958	0.506	1.339	1.547	-1.167	3.051	2.145	-0.527	2.423
16SC18845Y	0.0	-0.067	-0.428	-1.99	-0.955	-1.185	-0.372	-1.385	0.139	0.524	0.357	0.118	-1.344	0.274	0.644	0.605	1.404	-0.604	3.226	2.776	0.158	1.561
16SC19350Y	0.222	0.067	-2.851	-2.304	-0.573	-1.317	-0.106	-0.533	0.371	0.524	0.268	-0.711	-1.176	-0.091	0.552	1.469	1.604	-1.368	4.795	2.019	-0.053	1.684
16SC13730Y	-0.295	-0.334	-1.14	-1.466	-0.287	-0.922	-0.16	-1.172	0.278	0.075	0.714	-0.829	-1.12	-0.274	0.414	1.253	0.974	-0.724	2.703	-0.126	-0.158	1.848
16SC16116Y	0.0	-0.468	-1.782	-2.618	-1.242	-2.107	-0.106	-1.066	0.926	-0.075	-0.357	-0.474	-3.473	0.365	0.828	1.987	1.747	-2.012	5.144	1.514	-0.58	2.546
16SC16412Y	0.222	-0.401	-2.28	-1.99	-1.528	-2.239	-0.106	-1.598	0.926	0.15	-0.535	-0.829	-2.8	0.137	0.644	1.188	1.404	-1.609	3.487	0.252	-0.632	2.382
16SC15183Y	-0.369	-1.003	-2.138	-1.047	-1.146	-2.634	-0.319	-1.385	0.556	-0.374	0.089	-2.014	-1.008	-0.456	0.138	0.994	0.802	-1.247	2.964	1.514	-0.422	1.437
16SC10465Y	0.0	-0.735	-0.57	-1.466	-0.955	-1.778	-0.372	-0.852	-0.046	0.15	1.07	-0.829	-1.232	0.548	0.184	0.302	0.315	-0.402	2.354	3.218	-0.158	1.561
16SC07615Y	-0.222	-0.869	-1.568	-2.618	-1.051	-1.844	-0.372	-1.385	-0.278	0.599	0.446	-0.237	-1.792	0.046	0.552	0.907	2.005	-0.483	5.929	5.048	-0.211	2.259
16SC16115Y	0.222	-0.936	-4.276	-3.351	-1.337	-2.107	0.0	-2.238	0.695	0.299	-0.535	-0.592	-4.257	-1.278	1.012	1.815	1.661	-1.368	6.19	1.01	-0.263	2.053
16SC14376Y	0.295	-0.201	-2.138	-1.78	-1.242	-1.449	-0.213	-1.865	0.787	0.299	0.178	-0.355	-1.568	0.0	0.575	0.778	1.146	-1.328	3.662	1.767	0.105	2.053
16SC15388Y	0.074	-0.669	-2.708	-1.675	-1.337	-1.975	-0.16	-1.385	0.602	-0.524	-0.446	-1.066	-1.232	-0.183	0.736	0.778	1.26	-0.241	5.144	1.073	0.58	1.93
16SC18813Y	0.0	-0.535	-0.57	-2.199	-0.669	-0.922	-0.319	-1.279	-0.324	0.075	0.178	-0.592	-1.344	0.548	0.184	0.389	1.719	-0.885	4.272	2.587	0.053	1.437
16SC09208Y	0.591	-0.401	-0.57	-1.675	-0.955	-1.054	-0.319	-0.852	0.648	0.225	0.446	-1.658	-2.52	-1.278	0.506	0.518	0.859	-1.086	0.523	2.271	0.0	1.561
16SC18141Y	0.185	-0.401	-1.995	-1.885	-0.955	-0.922	-0.053	-0.959	0.509	0.15	0.535	-0.651	-1.232	-0.183	0.552	1.037	1.776	0.08	3.226	1.893	-0.316	2.053
16SC18823Y	0.148	-0.802	-1.71	-2.304	-0.669	-1.054	-0.479	-0.426	-0.417	0.225	0.624	-0.474	-1.68	0.365	0.046	0.194	1.432	-0.523	3.051	2.524	-0.369	1.725
16SC17423Y	0.0	-0.535	-0.855	-2.094	-0.86	-0.79	-0.319	-0.533	-0.093	0.374	0.535	0.651	-1.904	-0.046	0.322	0.346	1.318	-0.282	3.4	1.64	-0.79	0.945
16SC19331Y	0.369	-0.201	-1.14	-2.094	-1.051	-0.922	-0.16	-0.479	-0.648	0.15	0.089	0.0	-2.352	-0.274	-0.046	0.821	1.432	-0.322	4.534	2.65	-1.159	1.314
16SC15216Y	-0.148	0.067	-0.713	-1.047	-0.478	-1.58	-0.479	-1.225	-0.093	-0.374	0.714	-1.303	-0.672	-0.821	-0.092	0.518	0.229	-0.805	1.482	-0.063	0.158	1.437
16SC18757Y	-0.369	-0.468	-2.922	-1.571	-1.051	-2.107	-0.106	-1.066	0.463	-0.299	-0.268	-1.54	-1.568	-0.73	-0.138	1.253	0.917	-1.449	4.272	0.883	0.263	1.766
16SC13947Y	0.222	-0.602	-1.425	-2.094	-0.764	-1.449	-0.053	-1.066	0.556	0.299	0.357	-0.592	-2.576	-0.639	0.782	1.901	1.776	-1.086	5.841	2.398	-0.422	2.916
16SC16156Y	0.148	-0.134	-0.285	-1.466	-0.764	0.132	-0.426	-0.426	-0.417	0.524	1.16	-0.237	-1.512	0.274	0.184	0.346	0.458	-0.483	1.831	3.155	-0.685	0.904
16SC15189Y	0.332	-0.602	-1.283	-2.409	-1.146	-0.988	-0.372	-0.639	-0.602	0.524	0.981	0.118	-2.688	0.091	0.368	1.08	1.833	-0.724	5.58	2.902	-0.369	1.807
16SC15155Y	0.0	-1.003	-1.853	-1.152	-0.573	-2.107	-0.319	-1.492	0.463	-0.299	0.089	-1.421	-0.112	-0.456	0.345	0.907	0.286	-0.322	2.267	0.126	0.369	1.643
16SC08117Y	-0.222	-0.869	-1.568	-1.78	-1.051	-1.185	-0.638	-1.172	-0.371	0.449	0.446	-0.237	-1.344	-0.137	0.138	0.821	1.604	0.0	5.493	2.713	-0.369	1.807
16SC15215Y	-0.074	-0.334	-1.853	-1.047	-0.955	-1.054	-0.266	-1.172	-0.139	0.299	0.624	0.118	-1.904	-0.548	-0.092	0.432	0.745	-1.609	1.308	2.65	-0.685	1.602
16SC18233Y	0.369	-0.267	-1.14	-1.78	-0.287	-1.185	0.053	-0.479	0.648	0.748	-0.089	-1.066	-1.344	-0.502	0.552	0.648	1.26	-0.443	2.79	1.325	-0.369	1.643
16SC16946Y	0.295	-0.267	-1.14	-1.937	-1.051	-1.185	-0.372	-0.533	-0.417	0.225	0.089	-0.118	-1.4	-0.639	0.092	0.994	1.232	-1.328	3.487	2.271	-0.738	1.396
16SC99729Y	-0.148	-0.602	-1.71	-1.466	-1.528	-1.449	-0.585	-0.639	-0.324	0.0	0.0	0.355	-1.568	-0.091	-0.138	0.389	1.346	-0.684	4.795	3.281	-1.054	1.396
16SC16197Y	0.222	-0.468	-2.138	-2.094	-1.815	-2.107	-0.213	-0.906	0.648	0.449	-0.268	-0.948	-3.361	-0.228	0.713	1.491	1.117	-1.408	4.708	0.883	0.527	2.464
16SC18824Y	0.222	-0.401	-1.425	-1.885	-1.337	-1.449	-0.213	-1.172	0.185	0.374	0.535	-1.303	-1.568	0.091	0.598	0.907	1.318	-0.765	3.662	2.776	0.0	1.109
16SC18826Y	0.295	-0.602	-1.568	-2.513	-0.764	-1.383	-0.213	-0.746	-0.139	0.299	-0.089	-0.237	-2.24	0.0	-0.046	0.799	0.859	-0.563	4.098	3.407	-0.105	1.396
16SC10028Y	0.369	-0.468	-1.568	-2.304	-0.955	-1.975	-0.106	-1.172	0.648	0.449	-0.089	0.0	-2.016	-0.456	0.598	1.901	2.062	-0.483	5.493	3.092	-0.263	2.916
16SC17428Y	-0.148	-0.134	-0.143	-1.885	-0.955	-1.054	-0.585	-0.533	-0.787	0.075	0.981	0.829	-2.128	0.456	0.184	0.346	0.917	0.0	3.226	2.334	-0.053	1.15
16SC13047Y	-0.074	-0.602	-0.57	-1.571	-0.287	-0.395	-0.532	0.213	-0.371	-0.075	0.357	-0.711	-1.12	0.183	0.046	0.259	1.375	-0.362	2.005	2.65	-1.001	0.78
16SC13729Y	-0.295	-0.735	-3.136	-1.152	-1.051	-1.58	-0.372	-1.066	0.463	-0.299	-0.535	-0.948	-1.12	-0.913	-0.023	0.518	0.401	-0.885	2.79	0.063	0.263	1.602
16SC16945Y	0.295	-0.735	-1.853	-2.304	-0.669	-1.383	-0.266	-1.066	-0.324	0.299	0.0	-0.592	-1.904	0.548	0.23	1.08	1.576	-0.966	5.667	3.659	-0.158	2.341
16SC19389Y	-0.295	-0.468	-0.713	-1.047	-0.764	-1.054	-0.479	-0.746	-0.695	-0.299	-0.357	-1.066	0.0	-1.004	-0.23	0.108	0.831	-0.483	2.354	1.514	-0.422	1.068
16SC16121Y	0.369	-0.602	-1.14	-1.257	-0.86	-0.132	-0.585	-0.639	-0.417	0.299	0.892	-0.355	-1.344	-0.091	0.184	0.389	1.26	-1.167	2.616	2.524	-0.527	1.314
16SC15130Y	0.148	-0.535	-1.425	-1.675	-0.478	-1.185	-0.426	-0.32	-0.648	-0.075	0.446	0.296	-1.12	-0.228	0.0	0.173	0.888	-0.523	2.441	2.902	-0.263	1.314
16SC19349Y	0.554	-0.468	-2.851	-3.142	-1.433	-3.227	0.0	-1.172	0.88	-0.15	0.0	-0.474	-3.753	-0.639	1.012	1.771	2.005	-1.368	8.718	1.956	-0.738	2.669
16SC16473Y	-0.222	-1.27	-2.993	-3.246	-1.433	-2.897	-0.745	-1.811	0.602	-0.299	-1.07	-1.895	-2.744	-0.867	0.552	1.879	1.805	-1.77	5.58	0.694	-0.053	2.587
16SC12080Y	-0.148	-0.201	-1.71	-1.466	-1.051	-1.054	-0.319	-0.639	0.509	-0.225	-0.535	-0.118	-1.008	-0.639	0.46	1.08	0.573	-0.563	2.79	1.956	-0.369	1.396
16SC16005Y	0.369	-0.602	-0.855	-1.675	-0.764	-0.79	-0.426	-0.32	-0.417	0.075	0.446	-0.474	-1.568	-0.73	-0.138	-0.216	0.687	-0.966	2.092	2.398	0.105	1.273
16SC16198Y	0.443	-0.201	-1.14	-2.723	-1.146	-0.922	-0.266	-0.852	1.065	1.123	-0.089	-1.066	-2.576	-1.551	0.69	1.296	1.776	-1.288	3.487	1.388	-0.843	2.875
16SC19346Y	0.295	-0.468	-2.138	-2.199	-0.764	-1.317	-0.585	-1.066	0.0	0.449	-0.089	-0.711	-1.68	0.0	0.552	1.21	1.833	-0.724	6.277	2.65	0.211	2.053
16SC16191Y	0.517	-0.201	-1.425	-2.199	-0.669	-1.054	-0.16	-0.639	0.417	0.449	0.714	0.0	-2.352	0.365	0.506	1.383	1.432	-0.724	3.923	2.713	-0.896	1.437
16SC16817Y	0.0	-0.468	-1.425	-1.571	-0.478	-1.58	-0.266	-0.639	0.463	0.15	0.178	-0.829	-1.008	0.274	0.322	1.404	0.229	-0.161	2.528	1.893	-0.527	1.191
16SC10782Y	0.591	0.0	-1.853	-2.199	-0.955	-1.58	-0.106	-1.066	0.88	0.15	0.714	-0.474	-2.576	0.274	0.529	1.469	1.547	-0.885	2.877	1.767	0.053	2.423
16SC16158Y	0.148	-0.535	0.0	-1.466	-0.287	-0.395	-0.479	-0.426	-0.602	0.075	0.357	-0.829	-0.672	-1.004	-0.276	0.194	0.573	-1.811	1.308	2.398	-0.843	1.027
16SC13043Y	0.369	-0.468	-1.568	-1.99	-0.478	-1.185	-0.213	-1.066	0.278	0.674	0.446	0.059	-1.624	-0.228	0.69	0.778	1.661	-0.805	4.621	3.029	-0.843	2.259
16SC18846Y	0.443	-0.468	-1.853	-2.094	-0.764	-1.185	-0.106	-1.066	0.417	0.449	0.178	-0.118	-1.568	0.0	0.506	0.734	1.26	0.0	3.4	2.776	-0.105	1.355
16SC19342Y	0.148	-0.334	-1.497	-1.885	-1.051	-1.91	-0.106	-0.959	0.556	0.449	0.268	-0.829	-1.232	-0.456	1.012	1.512	0.859	-1.247	6.364	2.902	-0.211	2.094
16SC17357Y	0.517	-0.267	-1.995	-3.037	-0.86	-1.185	-0.319	-0.799	0.602	0.748	0.624	-0.829	-2.24	-0.183	0.759	1.555	2.349	-1.086	5.405	3.786	0.58	2.546
16SC16723Y	0.517	-1.003	-1.568	-2.094	-1.051	-2.502	-0.426	-1.385	-0.695	0.374	0.714	-0.296	-2.688	-0.548	0.322	1.383	2.034	-0.644	7.934	5.048	0.316	1.889
16SC19399Y	-0.148	-0.468	-0.57	-1.466	-0.86	-0.922	-0.16	-0.533	-0.695	0.0	0.714	-0.355	-1.232	-0.274	-0.138	0.346	1.49	-0.402	3.313	2.271	-0.263	1.561
16SC19392Y	0.222	-0.602	-1.71	-1.99	-0.382	-1.449	-0.266	-0.426	-0.093	0.449	0.535	0.237	-1.848	-0.274	0.46	0.648	0.859	-0.362	2.441	2.587	-0.316	1.52
16SC16713Y	0.148	-0.936	-3.848	-2.932	-1.719	-3.161	-0.213	-1.918	0.926	0.449	-0.089	-2.25	-3.248	-1.095	0.667	2.203	1.547	-0.885	4.621	1.956	-0.211	2.587
16SC08998Y	-0.295	-0.468	-1.14	-1.675	-1.051	-1.185	-0.426	-0.533	-0.417	0.299	1.07	0.296	-1.12	0.411	0.368	0.562	1.661	-0.724	5.057	2.776	-0.158	1.848
16SC18831Y	0.185	-0.669	-0.57	-1.99	-0.287	-0.395	-0.426	-0.426	-0.648	0.075	0.178	-0.355	-1.792	-0.183	0.23	0.302	0.917	-0.402	2.092	1.388	-0.896	0.739
16SC15387Y	0.074	-0.468	-1.283	-2.199	-0.86	-1.844	-0.532	-1.172	0.88	0.299	-0.089	-0.711	-1.456	-0.365	0.874	1.123	1.661	-1.167	4.534	2.019	0.263	1.93
16SC09139Y	0.554	-0.669	-0.428	-2.094	-1.528	-1.317	-0.532	-0.852	-0.695	0.374	0.714	0.118	-1.96	-0.274	-0.138	0.475	1.776	-0.845	4.882	3.281	-0.369	1.355
16SC99738Y	0.0	-1.07	-0.998	-2.88	-1.242	-0.922	-0.426	-0.266	-0.093	0.225	-0.268	-0.237	-1.568	-0.183	0.46	0.907	1.948	-0.563	4.708	2.965	-0.527	1.725
16SC16949Y	0.443	-0.401	-2.708	-2.984	-1.433	-3.292	-0.532	-0.959	0.695	0.823	0.0	-1.658	-2.24	0.274	0.805	2.117	2.206	-1.086	6.539	3.912	-0.263	2.752
16SC08988Y	0.222	-0.669	-1.425	-2.304	-1.433	-1.317	0.0	-0.639	0.185	0.374	0.446	-0.592	-2.016	0.091	0.483	1.512	2.234	-0.644	6.713	2.713	-0.474	2.3
16SC19387Y	0.0	-0.936	-2.138	-1.78	-1.528	-2.107	-0.798	-1.172	-0.695	-0.524	0.0	-0.592	-1.456	-0.091	-0.184	0.951	1.633	-0.724	7.672	2.524	0.896	1.396
16SC17362Y	0.222	-0.468	-2.423	-1.675	-0.573	-1.58	-0.426	-1.279	0.787	0.599	0.0	-0.474	-1.568	0.73	0.736	1.253	2.062	-1.529	5.405	2.271	0.422	1.848
16SC18822Y	0.0	-0.334	-1.354	-2.409	-0.955	-1.712	-0.479	-1.385	-0.324	0.0	0.268	-0.355	-1.4	-0.365	0.506	0.864	1.289	-1.609	3.662	3.155	-0.422	1.643
16SC17351Y	0.369	-0.401	-2.138	-1.675	-0.955	-1.185	0.053	-0.746	0.648	0.0	0.268	-1.184	-2.352	0.183	0.782	1.037	1.891	-0.724	3.923	2.019	0.422	1.971
16SC18849Y	0.074	-0.602	-2.423	-1.885	-1.242	-1.317	-0.585	-0.852	0.509	-0.225	-0.357	-1.54	-2.464	-0.639	0.322	1.21	1.547	-1.368	2.528	0.126	-1.317	2.505
16SC15500Y	0.148	-0.602	-1.853	-2.618	-1.146	-1.317	-0.106	-0.852	-0.324	-0.15	0.624	-0.474	-2.912	-0.183	-0.023	1.037	1.518	-1.127	6.277	2.334	0.158	1.971
16SC16813Y	-0.074	-0.735	-1.853	-2.094	-0.86	-1.844	-0.479	-0.426	-0.371	0.225	0.0	-0.178	-1.12	-0.548	0.023	0.821	1.031	-0.483	4.882	2.902	-0.369	1.52
16SC18816Y	0.517	-0.468	-2.138	-2.67	-0.764	-1.975	-0.426	-0.639	0.973	0.449	0.535	-1.066	-1.792	-0.684	0.736	1.75	1.719	-1.247	5.58	2.019	-0.211	2.957
16SC19339Y	0.222	-0.869	-1.283	-1.885	-0.955	-1.449	-0.426	-0.852	-0.139	0.374	0.446	-0.118	-0.84	-0.73	-0.023	0.778	1.432	-0.805	4.708	3.659	0.053	1.396
16SC16192Y	0.369	-0.535	-0.285	-1.99	-0.669	-0.527	-0.319	-0.533	-0.139	0.075	0.892	-0.118	-2.24	-0.411	0.46	0.475	1.318	-0.966	3.139	2.145	-0.685	2.094
16SC19333Y	0.148	-1.07	-1.853	-2.199	-1.146	-1.185	-0.319	-0.426	-0.556	0.225	0.0	0.0	-2.016	0.0	-0.069	0.929	1.547	-0.483	6.277	3.029	-0.527	1.725
16SC16120Y	0.369	-0.869	-2.993	-2.513	-1.051	-1.712	-0.16	-2.238	0.417	0.299	0.178	-0.474	-2.912	-0.183	1.012	1.858	2.292	-1.73	5.58	2.776	-0.685	2.423
16SC12912Y	0.074	-0.802	-3.991	-3.56	-1.433	-3.161	-0.532	-2.451	0.648	-0.524	-0.268	-2.014	-4.369	-1.186	0.414	0.432	1.604	-2.656	4.185	-0.379	-0.843	2.053
16SC15187Y	0.222	-0.468	-1.853	-3.194	-1.242	-2.436	-0.266	-1.279	1.112	0.15	0.0	-1.421	-2.352	-0.274	0.414	1.383	2.062	-1.569	4.446	1.893	0.263	2.875
16SC19345Y	0.222	-0.602	-2.708	-2.827	-1.337	-2.239	-0.266	-0.586	0.741	0.225	0.0	-1.303	-3.697	0.183	0.552	1.966	2.177	-0.724	8.544	2.524	0.053	3.203
16SC13048Y	0.295	-0.602	-1.425	-1.571	-0.86	-1.317	-0.319	-1.492	0.371	0.449	-0.357	-0.355	-1.68	0.274	0.483	1.08	1.203	-0.724	3.836	1.262	-0.263	2.053
16SC10339Y	-0.295	-0.535	-1.71	-1.885	-1.242	-1.185	-0.479	-0.533	-0.463	0.075	1.07	0.474	-2.352	-0.456	-0.322	0.497	1.891	-0.805	6.103	3.659	-0.053	1.314
16SC17332Y	0.074	-0.468	-2.138	-2.199	-0.764	-1.646	-0.053	-0.107	0.046	0.823	0.268	-0.237	-2.128	-0.183	0.46	1.08	0.974	-0.563	3.662	1.64	-0.158	1.725
16SC16153Y	0.369	-0.334	-1.14	-1.78	-0.764	-1.449	0.053	-0.426	0.371	0.299	0.178	-0.592	-1.344	0.091	0.644	1.037	0.745	-1.449	2.441	1.64	-0.527	1.355
16SC18221Y	0.295	-0.401	-2.851	-2.094	-0.669	-2.37	-0.053	-0.959	0.648	0.374	-0.535	-2.25	-0.896	-0.548	0.644	1.145	1.146	0.322	3.575	1.388	0.105	1.848
16SC18825Y	-0.074	0.134	-0.214	-1.361	-0.86	-0.79	-0.638	-0.639	-0.139	0.15	0.714	-1.54	-1.792	-0.365	0.322	0.389	0.573	-0.966	0.349	1.704	-0.843	1.027
16SC16459Y	0.443	-0.468	-0.855	-2.827	-1.242	-0.79	-0.479	-0.639	-0.417	0.299	0.446	-0.592	-1.344	0.091	0.322	0.389	1.833	-0.724	4.97	3.155	-0.211	1.561
16SC16096Y	0.886	-0.334	-1.853	-2.409	-0.764	-2.107	-0.372	-1.279	0.787	0.674	0.357	-0.355	-2.296	0.319	1.012	1.21	1.547	-1.086	5.58	2.334	-0.738	2.259
16SC16160Y	0.591	-0.468	-2.423	-1.361	-0.573	-0.988	-0.319	-0.693	0.695	0.225	0.268	-0.474	-2.016	0.183	0.736	1.296	1.661	-1.931	4.01	1.136	-0.158	2.053
16SC16978Y	0.517	-0.802	-1.995	-2.723	-1.051	-1.054	-0.532	-0.746	-0.602	0.225	0.089	0.474	-1.12	-0.319	-0.092	0.994	1.661	-0.563	5.754	3.47	0.211	1.643
16SC16950Y	0.739	-0.334	-1.425	-1.99	-0.955	-1.251	-0.426	-0.746	0.417	0.599	0.446	0.0	-2.352	0.183	0.782	1.339	1.719	-0.724	4.359	2.019	-0.105	2.094
16SC16415Y	0.665	-0.201	-1.782	-3.037	-0.764	-1.778	0.16	-1.279	1.065	0.674	1.07	-0.355	-2.912	-0.913	1.012	1.771	1.891	-1.086	5.144	3.281	-0.58	2.587
16SC17336Y	0.369	-0.936	-3.706	-3.77	-1.624	-3.161	-0.479	-1.811	0.834	0.0	0.089	-1.244	-2.912	-0.274	0.736	1.555	2.464	-1.046	7.149	1.64	-0.053	3.573
16SC17339Y	0.074	-0.735	-0.998	-2.094	-1.242	-1.251	-0.16	-0.959	-0.093	0.599	0.089	0.0	-1.68	-0.365	0.276	0.691	1.518	-0.885	3.923	3.029	0.158	1.15
16SC99733Y	0.222	-0.201	-1.782	-3.037	-1.242	-3.095	-0.16	-0.639	0.926	0.823	0.0	-0.592	-2.408	0.548	0.966	1.987	2.292	-0.161	6.8	3.912	0.211	2.423
16SC13307Y	-0.222	-0.869	-2.423	-1.885	-1.433	-2.502	-0.266	-1.705	0.324	-0.374	-0.892	-2.132	-1.68	-1.095	-0.598	0.454	0.458	-1.086	1.133	-0.631	0.474	0.986
16SC12897Y	0.295	-0.401	-0.428	-1.675	-0.764	-0.79	-0.426	-1.172	-0.695	0.225	0.535	-0.059	-2.352	-0.456	0.0	0.389	1.776	-1.609	3.749	3.029	-0.79	1.437
16SC16007Y	0.369	-0.802	-2.28	-2.409	-1.242	-1.449	-0.532	-1.172	0.973	0.299	-0.357	-1.184	-1.568	0.821	1.15	1.339	1.948	-2.253	6.016	2.902	0.158	2.094
16SC16948Y	-0.074	-1.203	-2.423	-2.251	-1.624	-1.58	-0.479	-1.598	0.602	0.075	0.0	-1.125	-2.744	-1.004	0.322	0.605	2.005	-0.966	5.057	0.0	-0.263	2.094
16SC19347Y	0.295	-0.602	-2.423	-2.827	-1.337	-2.37	0.053	-1.279	1.343	0.15	0.357	-0.474	-2.464	-0.548	1.311	1.771	1.318	-0.563	4.708	2.902	-0.316	2.546
16SC18811Y	0.074	-0.201	-1.283	-1.885	-1.051	-0.658	0.106	0.0	0.278	0.599	0.0	-0.237	-2.016	-0.091	0.299	0.562	1.461	-0.322	3.313	2.271	-0.158	2.012
16SC16943Y	0.369	-0.802	-2.423	-2.042	-0.86	-2.107	-0.213	-0.639	0.695	0.599	0.535	0.0	-1.624	-0.456	0.552	1.555	2.148	-0.966	6.8	3.092	0.263	2.382
16SC16947Y	0.369	-0.468	-1.924	-1.309	-0.382	-1.449	-0.106	-0.16	0.695	0.599	-0.089	-0.711	-1.456	-0.913	0.437	1.404	0.917	-0.563	2.79	1.514	-0.369	1.437
16SC16266Y	0.369	-0.401	-0.428	-2.513	-1.146	-0.79	-0.426	-1.385	-0.556	-0.15	0.624	0.237	-2.016	-0.365	-0.207	0.259	1.547	-0.483	3.575	4.038	-0.369	1.602
16SC17177Y	0.148	-0.401	-1.995	-1.675	-1.337	-2.107	-0.16	-0.639	1.112	0.599	0.089	-1.125	-2.128	0.456	0.69	1.08	1.404	-0.805	2.964	1.767	-0.685	2.341
16SC15675Y	0.148	-0.669	-1.853	-1.78	-0.478	-1.449	-0.106	-0.32	0.0	0.748	0.268	-0.592	-1.904	-0.365	0.368	0.929	1.404	-0.523	5.493	3.786	-0.738	1.684
16SC18830Y	0.148	-0.669	-1.853	-1.99	-0.764	-2.502	-0.532	-1.705	0.926	0.0	0.0	-1.303	-1.568	-1.643	0.69	1.296	1.432	-0.644	3.923	2.398	0.632	2.3
16SC99736Y	0.295	-0.267	-1.425	-1.885	-1.433	-1.185	-0.532	-0.639	-0.509	0.299	0.268	-0.592	-1.456	0.091	0.414	0.821	1.661	-1.851	3.836	3.029	-1.107	1.848
16SC08917Y	0.369	-0.468	-0.998	-2.409	-0.764	-0.922	-0.532	-0.533	-0.509	-0.15	0.624	-0.118	-1.232	-0.639	0.437	0.778	1.375	-0.483	3.662	2.776	-0.474	1.437
16SC17425Y	0.0	-0.334	-0.855	-1.571	-0.669	-0.527	-0.426	-0.107	-0.695	0.374	0.803	0.237	-1.008	-0.046	-0.092	0.454	1.518	-0.241	3.139	2.776	-0.632	1.273
16SC15101Y	0.443	-0.334	-2.138	-1.78	-0.573	-0.922	-0.266	-0.533	0.741	0.075	0.535	-0.592	-1.008	0.046	0.184	0.821	1.146	-1.046	2.877	2.019	-0.105	1.766
16SC15430Y	-0.037	-0.334	-1.14	-2.513	-1.051	-1.58	-0.479	-0.746	-0.556	0.075	0.268	-0.77	-1.792	0.091	0.0	0.864	1.318	-0.805	4.97	2.398	-0.211	1.766
16SC13079Y	0.222	-0.267	-2.28	-1.675	-0.287	-2.041	-0.479	-0.852	0.046	-0.15	0.535	-1.066	-0.672	-0.183	-0.046	0.778	1.146	-0.483	4.098	2.271	-0.053	1.643
16SC16818Y	0.517	-0.535	-0.855	-2.251	-0.764	-1.646	-0.266	-0.639	0.509	0.15	-0.089	-0.829	-1.512	0.639	0.506	0.843	1.719	-0.684	3.051	4.038	-0.211	2.136
16SC18405Y	0.369	-0.468	-2.28	-2.094	-1.242	-1.712	-0.851	-1.279	-0.509	-0.374	0.535	-0.592	-1.904	-0.091	-0.046	0.389	1.26	-0.845	3.4	4.164	-0.316	1.684
16SC18837Y	0.665	0.201	-0.57	-0.942	-0.573	0.0	-0.426	0.0	-0.648	0.15	0.535	0.592	-1.12	-0.274	-0.506	0.216	0.401	-0.805	0.697	4.29	-1.107	1.437
16SC19332Y	0.185	-0.669	-2.28	-2.199	-0.86	-1.844	-0.213	-0.426	-0.093	0.225	0.446	0.592	-1.848	0.365	0.69	1.404	1.805	-0.644	7.672	3.533	-0.211	1.15
16SC13319Y	0.148	-0.602	-0.998	-1.152	-0.478	-0.658	-0.479	-0.32	-0.741	-0.748	0.357	-0.592	-1.232	-1.095	-0.414	0.086	-0.172	-1.046	1.221	2.271	0.105	1.643
16SC18814Y	0.665	-0.201	-1.995	-2.723	-0.955	-0.79	-0.319	0.107	0.741	0.449	0.981	-1.066	-1.792	-0.411	1.058	1.361	2.12	-1.449	4.708	2.65	-0.211	2.998
16SC19343Y	0.295	-0.602	-1.853	-2.409	-0.86	-1.185	0.16	-0.746	-0.463	0.075	0.714	0.118	-2.016	-0.821	0.138	0.907	1.461	-0.161	4.882	2.461	0.0	1.191
16SC15255Y	0.739	-0.468	-1.853	-1.78	-1.051	-1.054	-0.638	-1.279	0.046	0.674	0.178	-0.474	-1.568	0.091	0.276	1.08	1.089	-0.885	4.97	3.407	-0.474	1.355
16SC15109Y	-0.295	-0.535	-0.998	-1.204	-1.242	-0.395	-0.319	-0.213	-0.556	0.075	0.089	-0.948	-0.56	0.365	-0.046	0.043	1.031	-0.563	3.487	2.65	-0.316	1.15
16SC10030Y	-0.222	0.067	-0.57	-0.942	-0.669	-0.527	-0.372	-0.852	0.0	-0.15	0.178	-0.592	-0.672	-0.639	-0.138	0.13	0.0	-0.966	0.697	0.063	-0.632	1.273
16SC16157Y	0.739	-0.267	-1.069	-1.675	-0.382	-1.712	-0.053	-1.385	0.602	0.823	0.357	-0.651	-1.456	-0.548	0.391	1.167	1.117	-0.885	3.139	1.767	-0.79	1.807
16SC16119Y	-0.665	-1.671	-6.129	-4.084	-2.961	-4.478	-0.745	-3.197	0.324	-0.599	-0.981	-1.895	-5.041	-0.821	0.299	1.771	2.578	-1.408	7.411	0.883	-0.738	2.218
16SC13042Y	-0.111	-0.735	-1.14	-1.99	-0.955	-0.658	-0.692	-0.746	-0.556	0.299	0.535	0.0	-0.896	0.0	0.138	0.518	1.375	-0.483	4.882	3.344	0.263	0.986
16SC16151Y	0.148	-0.267	-1.71	-1.99	-0.955	-0.79	-0.585	-1.066	-0.371	0.449	0.268	0.059	-1.68	0.183	-0.184	0.41	0.63	-0.563	2.877	1.893	-0.685	1.725
16SC16152Y	0.258	-0.201	-0.926	-2.618	-1.051	-1.449	-0.426	-1.385	0.602	-0.15	0.446	-0.711	-1.456	0.456	0.437	1.037	0.974	-1.006	1.482	1.136	-0.211	1.561
16SC18781Y	-0.517	-0.735	-2.138	-1.78	-1.242	-1.91	-0.266	-1.172	-0.278	0.075	-0.446	0.059	-2.128	-0.548	0.115	0.734	0.802	-0.885	6.016	1.767	0.263	1.602
16SC19396Y	0.222	-0.468	-1.71	-1.257	-0.478	-1.844	-0.213	-0.746	0.0	-0.449	0.892	0.0	-1.12	-0.274	0.46	0.583	0.659	-0.322	3.923	1.893	0.316	1.848
16SC14490Y	-0.369	-0.535	-2.423	-1.99	-2.101	-3.161	-0.479	-1.598	0.139	-0.898	-0.178	-2.369	-2.632	-1.186	-0.529	0.518	0.458	-1.207	1.308	-0.883	0.316	1.807
16SC06666Y	0.665	-0.134	-2.28	-1.99	-1.051	-1.58	-0.053	-0.852	0.926	0.0	-0.357	0.0	-2.016	-0.274	0.69	1.08	1.49	-0.724	4.098	1.704	0.211	2.012
16SC19398Y	-0.148	-0.201	-0.855	-1.675	-1.051	-1.185	-0.266	0.0	-0.556	-0.299	0.178	-0.118	-1.232	0.0	-0.046	0.259	1.146	-0.402	4.882	3.659	-0.105	1.766
16SC15243Y	0.739	-0.334	-1.283	-2.723	-1.337	-1.251	0.16	-1.066	0.741	0.225	0.714	-0.237	-3.361	-0.137	0.552	1.858	2.492	-0.885	5.58	3.533	-0.158	2.546
16SC15419Y	-0.222	-0.535	-2.566	-2.513	-0.669	-1.975	-0.053	-1.492	0.463	0.225	0.178	-1.303	-1.568	0.091	0.575	1.642	2.091	-0.322	5.841	2.65	0.263	2.3
16SC18847Y	0.148	0.0	-1.71	-1.99	-1.146	-1.712	-0.106	-0.213	0.695	0.823	0.446	-0.829	-2.016	-0.411	0.368	1.21	1.375	-1.529	2.267	1.893	-0.105	2.341
16SC18820Y	0.443	-0.401	-1.14	-1.78	-1.146	-0.263	-0.319	-0.959	-0.417	0.299	0.357	-0.237	-1.456	0.0	0.46	0.756	1.604	-0.322	2.703	2.713	-0.053	1.232
16SC15221Y	-0.074	-0.334	-0.57	-1.99	-0.096	-1.317	-0.479	-1.172	-0.324	0.299	0.089	0.0	-1.008	-0.091	-0.138	0.173	0.859	-0.765	1.657	1.64	-0.527	0.986
16SC16808Y	0.222	-0.334	-0.855	-1.78	-0.573	-0.988	-0.16	0.0	-0.417	0.15	0.714	0.237	-1.456	0.0	0.0	0.648	1.776	-0.08	4.621	3.344	-0.632	1.684
16SC99740Y	-0.148	-0.669	-2.209	-0.942	-1.146	-2.239	-0.426	-0.746	0.648	-0.15	-0.803	-1.303	-1.456	-0.548	0.368	0.994	0.401	-0.644	3.313	-0.252	0.053	1.725
16SC12000Y	0.222	-0.468	-1.283	-2.094	-0.86	-1.317	-0.479	-0.479	0.0	0.524	0.178	0.118	-1.568	-0.456	0.552	0.778	1.776	-0.402	4.185	3.281	-0.211	1.93
16SC19391Y	0.111	-0.334	-2.138	-1.78	-0.764	-1.91	-0.372	-0.852	0.509	0.674	0.268	-0.651	-1.232	0.365	0.874	1.167	0.917	-0.805	3.139	1.64	0.211	2.094
16SC16065Y	0.074	-0.802	-1.283	-1.885	-1.337	-1.975	-0.426	-1.172	-0.417	0.15	0.357	-0.355	-1.792	-0.091	0.23	0.691	1.146	-1.247	4.882	4.732	-0.263	1.643
16SC16967Y	0.295	-0.869	-0.998	-2.304	-1.146	-1.712	-0.213	-1.172	-0.371	0.075	0.446	0.474	-0.896	-0.274	0.0	0.864	1.26	-0.563	4.272	3.407	-0.474	1.191
16SC01235Y	0.111	-0.468	-1.782	-1.885	-0.955	-1.185	-0.426	-0.852	-0.787	-0.15	0.0	-0.533	-1.064	-0.639	-0.299	0.691	0.945	-0.08	5.144	2.524	-0.422	1.807
16SC99739Y	0.369	-0.334	-2.566	-2.618	-1.242	-1.844	-0.106	-0.852	0.926	-0.075	-0.268	-0.237	-1.792	-0.639	0.736	1.383	1.948	-1.288	5.318	2.902	-0.474	1.971
16SC18230Y	0.074	-0.535	-1.283	-1.466	-0.669	-1.054	-0.106	-0.746	-0.417	0.449	0.0	-0.592	-1.344	-0.913	-0.207	0.151	0.687	-1.207	3.487	3.281	-0.474	1.109
16SC16193Y	0.074	-0.201	-1.14	-1.885	-1.146	-0.922	-0.106	-0.852	0.278	0.748	0.624	-0.355	-1.232	0.183	0.345	0.929	1.518	-0.644	3.051	2.965	-0.263	1.068
16SC18821Y	0.074	-0.201	-0.071	-1.885	-0.478	-0.922	-0.532	-0.32	-0.556	0.15	0.0	-0.059	-1.064	-0.73	-0.184	0.13	0.859	-0.241	2.964	1.893	-0.58	1.191
16SC16476Y	0.443	-0.201	-1.71	-2.094	-1.146	-1.449	-0.319	-1.066	0.232	0.15	0.178	-1.066	-1.344	-0.183	0.0	0.886	0.974	-0.724	3.836	3.407	-0.105	1.725
16SC13942Y	0.369	-0.602	-2.138	-2.984	-1.719	-1.449	-0.266	-0.959	1.065	0.225	-0.178	-0.829	-1.568	-0.958	0.644	1.469	1.375	-0.805	5.144	2.208	-0.58	2.053
16SC16129Y	0.074	-0.869	-3.278	-3.77	-1.719	-3.029	-0.692	-1.918	0.602	-0.075	-0.446	-1.244	-4.033	-1.186	1.058	2.247	2.406	-2.052	6.626	2.713	-1.212	3.285
16SC16942Y	0.369	-0.267	-1.71	-1.571	-0.764	-2.107	-0.053	-0.426	0.648	0.225	0.714	-1.184	-1.904	0.365	0.322	1.167	1.232	-1.127	4.795	0.946	-0.263	2.177
16SC12893Y	0.369	-0.669	-0.143	-2.304	-1.242	-0.395	-0.585	-0.852	-0.602	0.524	0.714	-0.118	-1.792	0.548	0.138	0.648	0.945	-0.241	4.098	3.533	-0.632	1.273
16SC18848Y	0.148	-0.267	-1.568	-2.513	-0.86	-1.449	0.0	-1.066	0.88	0.674	-0.268	-0.711	-2.128	-0.046	0.782	1.426	1.891	-1.609	3.4	0.883	-0.79	2.423
16SC13308Y	0.517	-0.334	-1.425	-1.885	-0.955	-1.58	-0.053	-1.172	0.834	0.374	0.268	-0.711	-2.352	-0.821	0.782	0.821	1.26	-1.529	2.092	2.019	-1.107	2.3
16SC18812Y	0.443	-0.602	-1.425	-2.513	-0.86	-1.317	0.16	-0.533	0.232	0.225	0.624	-0.118	-2.128	0.183	0.368	1.123	1.833	-0.402	4.621	3.218	-1.212	1.807
16SC16478Y	0.295	-0.401	-0.713	-2.304	-0.764	-0.922	-0.426	-0.959	-0.787	-0.225	0.535	0.0	-1.792	-0.091	-0.414	0.432	1.49	-1.207	4.098	3.281	-0.211	1.93
16SC17415Y	0.369	-0.334	-0.285	-1.99	-0.955	-1.317	-0.745	-0.639	0.324	0.674	0.268	-0.118	-1.568	-0.639	0.184	0.432	0.974	-0.644	2.703	1.893	-0.738	1.602
16SC18672Y	0.111	-0.267	-1.354	-1.78	-0.287	-0.79	-0.372	-0.852	-0.417	0.075	0.535	-0.651	-1.68	-0.091	0.046	0.389	0.974	-0.402	3.139	2.019	-0.58	2.012
16SC09151Y	0.0	-0.468	-1.14	-1.885	-1.528	-1.449	-0.638	-1.492	-0.695	0.225	-0.178	0.355	-1.344	-0.548	0.253	0.907	1.833	-0.644	5.667	3.155	0.211	2.136
16SC08989Y	0.185	-0.134	-1.283	-1.571	-0.86	-1.185	-0.426	-0.639	-0.139	0.674	0.446	-0.592	-1.68	-0.183	0.506	0.691	1.26	-0.724	5.58	2.271	-0.316	1.766
16SC14733Y	0.517	-0.334	-1.283	-2.409	-0.955	-1.317	-0.053	-0.16	0.232	0.225	0.089	0.118	-1.68	0.456	0.552	0.951	1.375	-0.604	2.79	3.533	-0.896	1.602
16SC19211Y	-0.074	-0.401	-2.067	-1.152	-0.86	-1.58	-0.532	-2.025	0.556	-0.599	0.0	-1.658	-1.792	0.0	0.046	1.383	0.63	-1.408	4.795	0.063	0.211	1.848
16SC16195Y	0.96	0.134	-0.713	-2.199	-1.051	-0.724	-0.638	-0.852	0.509	0.748	0.892	-1.303	-2.128	-0.639	0.69	0.562	1.518	-1.207	0.785	2.776	0.369	1.848
16SC16457Y	-0.074	-1.07	-2.993	-3.351	-0.764	-3.095	-0.266	-1.811	1.019	-0.15	-0.357	-1.54	-3.248	-0.913	0.782	1.815	2.464	-2.173	7.324	2.019	-0.105	2.957
16SC15128Y	0.148	-0.134	-1.924	-2.409	-0.287	-1.054	-0.213	-1.172	-0.139	0.15	0.089	-0.474	-1.232	-0.319	0.414	0.713	1.375	-0.966	4.621	2.776	-0.158	1.848
16SC15385Y	0.074	-0.602	-1.782	-1.675	-0.287	-1.514	-0.266	-1.811	0.787	0.299	0.446	-1.303	-2.128	-0.548	0.552	0.734	0.802	-0.966	3.836	0.0	0.053	1.068
16SC15190Y	0.148	-0.735	-1.71	-2.932	-1.146	-2.502	-0.532	-1.279	0.093	0.075	0.446	-0.237	-3.136	-0.456	0.759	1.512	2.349	-0.845	7.062	4.669	0.211	2.382
15SC4443Y	0.812	-0.869	-1.853	-2.409	-1.337	-2.37	0.16	-1.279	0.834	0.748	-0.089	-1.658	-1.232	-0.73	0.414	0.843	1.719	-0.885	5.58	1.704	-0.632	2.752
16SC15480Y	0.222	-0.936	-3.136	-2.723	-1.528	-2.37	-0.585	-2.025	0.602	-0.225	0.357	-0.711	-2.24	-0.274	0.69	1.469	2.406	-1.288	5.318	2.271	-0.369	2.916
16SC19400Y	0.0	-0.535	-1.425	-1.675	-0.478	-1.054	-0.372	-0.959	-0.648	0.225	0.089	-0.118	-1.232	-0.821	-0.092	0.821	1.031	-0.322	4.621	3.659	-0.316	1.273
16SC18829Y	0.222	-0.602	-1.283	-2.042	-0.955	-1.054	-0.798	-0.746	-0.139	0.299	0.0	-0.178	-2.464	0.091	0.506	0.389	1.833	-1.046	4.446	2.776	-0.263	1.848
16SC19397Y	-0.074	-0.602	-1.425	-1.99	-1.337	-1.185	-0.426	-0.32	-0.093	0.15	0.268	0.237	-1.792	-0.183	0.414	0.432	0.974	-0.563	3.836	2.902	0.053	1.725
16SC19393Y	0.222	-0.735	-0.998	-1.78	-0.573	-1.054	-0.479	-0.426	-0.973	0.374	0.178	0.355	-1.624	0.456	0.046	0.691	0.974	-0.402	3.051	3.281	0.158	1.068
16SC16475Y	0.222	-0.802	-0.214	-2.094	-0.669	-1.185	-0.266	-0.639	-0.509	0.225	-0.178	-0.829	-1.512	-0.365	0.138	0.432	1.089	-0.483	1.831	2.776	-0.422	0.945
16SC15339Y	-0.074	-0.669	-1.283	-2.094	-0.86	-1.054	-0.319	-0.213	-0.695	1.048	0.624	-0.296	-2.128	0.183	-0.115	0.497	1.203	-1.006	4.098	2.902	-0.527	2.136
16SC18815Y	1.108	-0.401	-1.853	-2.618	-1.051	-2.041	-0.106	-1.385	0.741	0.674	-0.178	-0.77	-2.8	-0.548	0.644	0.907	1.891	-1.046	4.185	0.883	-0.158	2.423
16SC15146Y	0.517	-0.401	-0.499	-2.094	-1.146	-1.58	0.053	-1.172	0.139	-0.075	-0.178	0.118	-1.68	-0.456	0.368	0.562	1.089	-0.322	3.139	2.271	-0.58	1.643
16SC18817Y	0.222	-0.468	-1.283	-2.199	-0.955	-0.922	-0.532	0.0	-0.509	-0.449	0.446	0.237	-1.792	-0.548	0.184	0.173	1.661	-0.966	3.575	3.786	-0.527	1.725
16SC16069Y	0.148	-0.602	-1.853	-1.885	-1.337	-2.634	-0.745	-0.533	-0.602	-0.599	0.535	-0.355	-1.792	-0.913	0.046	1.253	0.745	-1.046	5.58	3.407	0.105	1.848
16SC14739Y	0.148	-0.669	-2.851	-2.304	-1.719	-2.107	-0.372	-1.012	0.695	0.0	-0.089	-1.066	-2.912	-0.548	0.782	1.555	2.464	-1.449	4.97	1.514	-0.158	3.162
16SC12899Y	0.369	-0.669	-0.713	-2.199	-0.573	-0.658	-0.585	-0.852	-0.324	0.075	0.0	0.474	-1.008	-0.73	0.276	0.302	1.26	-0.523	3.226	2.524	-0.58	1.232
16SC16130Y	0.295	-0.735	-1.995	-2.513	-0.955	-1.58	-0.532	-0.746	0.232	0.15	0.624	0.474	-2.016	-0.046	0.368	1.102	2.406	-0.563	5.841	3.218	-0.58	2.259
16SC16805Y	-0.148	-0.267	-1.425	-1.675	-0.573	-1.975	-0.426	-0.107	0.324	0.225	0.981	-0.237	-1.68	0.274	0.184	0.907	1.146	-1.368	3.749	2.65	-1.001	1.807
16SC16133Y	0.739	0.0	-1.211	-2.094	-0.669	-1.317	-0.319	-1.279	0.648	0.823	0.357	-0.118	-2.688	-0.091	0.92	0.929	1.776	-1.609	3.226	2.524	0.0	2.218
16SC19222Y	0.443	-0.602	-1.71	-2.304	-0.573	-1.58	-0.213	-1.066	0.648	0.898	0.357	0.0	-1.344	1.004	0.483	1.08	2.034	-1.368	4.621	3.407	-0.369	2.136
16SC17388Y	0.369	-0.201	-1.995	-2.618	-0.478	-0.922	-0.319	-0.852	0.973	0.225	0.089	-0.355	-1.792	0.091	1.035	1.08	1.833	-1.368	4.708	3.155	0.0	2.218
16SC17377Y	0.517	-0.401	-1.71	-2.094	-0.573	-1.185	0.053	-1.172	0.509	-0.225	0.178	-0.829	-1.568	-0.365	0.414	1.469	1.289	-0.402	5.405	2.587	-0.263	2.136
16SC17430Y	0.369	-0.334	-0.428	-1.466	-1.146	-1.317	-0.479	-0.213	0.0	0.15	-0.268	-0.118	-2.352	-0.228	0.414	0.54	1.146	-0.322	2.092	1.893	-0.58	1.273
mean	0.209035	-0.506785	-1.6487	-2.092225	-0.978645	-1.52009	-0.32532	-0.921415	0.154415	0.204735	0.219425	-0.55873	-1.84917	-0.275635	0.349945	0.940355	1.398595	-0.87531	4.16829	2.369175	-0.27217	1.850955
std	0.284537593272	0.280004376805	0.871193682347	0.574374533645	0.396978271085	0.720419128357	0.213592924242	0.520372134696	0.573647207234	0.35411118087	0.424145199343	0.642931287387	0.759028234259	0.483540441502	0.371171068086	0.504115354286	0.548069687986	0.494954922977	1.62781296566	1.07452192683	0.411974594401	0.558075167372
