	1	2	3	4	5	6	7	8	9	10	11	12	13	14	15	16	17	18	19	20	21	22	23	24
16SC18821Y	-0.07400000000000001	-0.267	-0.57	-1.885	-0.764	-0.527	-0.532	-0.746	-0.556	0.15	-0.35700000000000004	-0.711	-1.12	-0.639	-0.184	0.281	0.8590000000000001	-0.402	2.7030000000000003	2.398	-0.632	1.273	-0.941	-3.056
16SC18848Y	0.258	-0.33399999999999996	-1.568	-2.3040000000000003	-0.764	-1.449	0.053	-1.2790000000000001	0.8340000000000001	0.225	-0.08900000000000001	-0.77	-2.24	-0.183	0.506	1.037	2.177	-1.207	4.272	1.64	-0.738	2.053	-1.068	-28.5
16SC16946Y	0.14800000000000002	-0.46799999999999997	-1.425	-1.78	-0.764	-1.185	-0.266	-0.5329999999999999	-0.139	0.075	-0.08900000000000001	0.0	-1.68	-0.639	0.046	0.691	1.26	-0.966	3.4	2.524	-0.263	1.273	-0.434	-1.82
16SC19339Y	0.295	-0.535	-1.568	-2.3040000000000003	-1.146	-1.58	-0.585	-0.586	-0.324	0.225	0.17800000000000002	-0.5920000000000001	-1.288	-0.821	0.092	1.037	1.318	-0.885	4.795	3.533	0.053	1.6019999999999999	-1.014	-1.442
16SC15155Y	0.0	-0.802	-1.425	-0.9420000000000001	-0.478	-2.1069999999999998	-0.426	-1.2790000000000001	0.185	-0.299	0.08900000000000001	-0.948	-0.22399999999999998	-0.867	0.644	0.778	0.45799999999999996	-0.36200000000000004	2.616	0.379	0.58	1.4780000000000002	2.1	0.961
16SC18823Y	0.14800000000000002	-0.802	-1.2830000000000001	-2.199	-1.051	-1.58	-0.319	-0.426	-0.371	0.225	0.35700000000000004	-0.355	-1.568	0.091	-0.046	0.36700000000000005	1.49	-0.885	3.662	1.514	-0.105	1.93	-0.7240000000000001	-2.575
16SC16007Y	0.295	-0.602	-1.71	-2.199	-1.146	-1.975	-0.16	-1.0659999999999998	0.8340000000000001	0.0	-0.535	-1.54	-1.456	0.867	0.92	1.339	2.177	-1.65	5.492999999999999	2.082	0.369	2.259	-0.07200000000000001	4.739
16SC17430Y	0.14800000000000002	-0.267	-0.855	-1.78	-1.146	-1.317	-0.6920000000000001	-0.213	0.09300000000000001	0.15	-0.08900000000000001	-0.11800000000000001	-1.568	-0.091	0.414	0.691	1.146	-0.402	2.616	1.893	-0.263	1.109	-1.5659999999999998	-30.046
16SC14490Y	-0.295	-0.201	-2.423	-1.885	-1.719	-2.766	-0.37200000000000005	-1.811	0.324	-0.748	-0.268	-1.6580000000000001	-1.736	-1.278	-0.414	0.324	0.45799999999999996	-0.885	1.569	-0.946	0.263	2.218	-0.35600000000000004	-27.676
16SC16810Y	0.111	-0.46799999999999997	-3.136	-1.885	-1.146	-1.844	0.0	-0.5329999999999999	0.741	0.299	-0.446	-0.948	-1.344	-0.091	0.414	1.383	2.234	-1.368	4.795	1.767	0.316	2.012	0.652	5.254
16SC07615Y	-0.14800000000000002	-0.802	-1.995	-2.6180000000000003	-0.86	-1.844	-0.319	-1.012	-0.278	0.599	0.08900000000000001	-0.711	-2.072	0.183	0.414	1.037	1.919	-1.127	5.492999999999999	4.669	0.053	2.505	-0.7120000000000001	-30.285999999999998
16SC10339Y	-0.037000000000000005	-0.602	-1.568	-2.094	-1.146	-1.317	-0.37200000000000005	-0.5329999999999999	-0.23199999999999998	0.225	0.535	0.0	-2.128	-0.27399999999999997	-0.161	0.7340000000000001	1.633	-0.563	5.754	3.281	0.369	1.643	-1.521	-2.095
16SC18757Y	0.037000000000000005	-0.46799999999999997	-2.423	-1.3090000000000002	-0.764	-2.305	0.16	-0.639	0.46299999999999997	-0.075	-0.268	-1.54	-1.9040000000000001	-0.091	-0.23	1.253	1.146	-1.288	5.841	0.757	0.843	2.094	2.1	6.146
16SC13047Y	-0.14800000000000002	-0.669	-0.998	-1.361	-0.478	-0.79	-0.37200000000000005	-0.213	-0.324	0.15	0.35700000000000004	-0.8290000000000001	-1.344	-0.365	-0.184	0.34600000000000003	1.375	-0.885	2.18	2.398	-0.632	1.0270000000000001	-0.748	-30.149
16SC16476Y	0.517	-0.201	-1.568	-1.99	-1.051	-1.58	-0.213	-0.9590000000000001	0.09300000000000001	0.0	0.17800000000000002	-0.948	-1.568	-0.456	0.138	1.102	1.146	-1.127	4.446000000000001	2.461	-0.158	1.725	-0.07200000000000001	-0.721
16SC16942Y	0.295	-0.267	-1.568	-1.78	-1.051	-1.449	-0.106	-0.32	0.41700000000000004	0.299	0.35700000000000004	-0.77	-1.232	0.091	0.483	1.21	1.318	-1.127	4.795	2.019	-0.053	2.177	-1.2819999999999998	-29.393
16SC15430Y	-0.07400000000000001	-0.401	-1.71	-2.513	-0.955	-1.449	-0.319	-0.32	-0.278	0.15	0.0	-0.711	-2.184	-0.183	0.138	0.951	1.375	-0.644	5.318	2.7760000000000002	-0.316	1.4369999999999998	-0.941	-2.1630000000000003
16SC99729Y	0.0	-0.535	-1.425	-1.571	-1.337	-1.185	-0.266	-0.746	-0.324	-0.15	0.0	0.0	-1.232	-0.091	0.092	0.648	1.203	-0.24100000000000002	3.923	3.281	-0.632	1.6019999999999999	-0.941	-1.271
16SC12000Y	0.0	-0.535	-1.568	-2.094	-1.051	-1.975	-0.266	-0.426	-0.23199999999999998	0.449	0.0	-0.355	-1.344	-0.091	0.414	0.691	1.719	-0.322	4.01	2.7760000000000002	-0.527	1.889	-1.376	-0.79
16SC19392Y	0.222	-0.735	-1.8530000000000002	-1.99	-0.86	-1.58	-0.213	0.107	-0.046	0.374	0.446	0.237	-1.568	0.0	0.276	0.7340000000000001	1.117	-0.402	1.9180000000000001	2.7760000000000002	0.21100000000000002	1.314	-1.159	-1.58
16SC08117Y	-0.07400000000000001	-0.535	-1.568	-1.571	-0.955	-0.79	-0.532	-1.0659999999999998	-0.185	0.225	0.446	-0.474	-1.7919999999999998	-0.183	0.046	0.8640000000000001	1.49	-0.322	4.97	2.65	-0.58	1.93	-0.507	-2.198
16SC19397Y	-0.07400000000000001	-0.802	-1.14	-1.885	-1.146	-1.119	-0.319	-0.426	-0.046	0.0	-0.08900000000000001	-0.11800000000000001	-1.7919999999999998	0.0	0.414	0.605	1.031	-0.402	3.139	3.155	0.316	1.15	-1.4480000000000002	-1.4080000000000001
16SC17351Y	0.07400000000000001	-0.267	-1.568	-2.356	-1.051	-1.054	0.213	-0.746	0.602	0.15	0.268	-1.1840000000000002	-2.352	-0.5479999999999999	0.575	1.123	2.005	-0.402	4.272	2.65	0.474	1.848	-1.21	-29.186999999999998
16SC19331Y	0.07400000000000001	-0.535	-0.998	-2.094	-0.955	-1.317	-0.16	-0.639	-0.371	0.449	0.35700000000000004	-0.11800000000000001	-1.9040000000000001	-0.365	-0.046	0.7340000000000001	1.4609999999999999	-0.483	4.621	2.9019999999999997	-0.685	1.4780000000000002	-1.159	-3.09
16SC15480Y	0.14800000000000002	-0.802	-2.9930000000000003	-3.142	-1.528	-2.634	-0.426	-2.131	0.371	0.0	0.17800000000000002	-0.5329999999999999	-2.352	-0.73	0.736	1.296	2.378	-0.966	5.144	1.136	-0.632	2.793	-0.6409999999999999	-27.676
16SC16005Y	0.222	-0.602	-0.998	-1.466	-1.242	-0.527	-0.319	-0.746	-0.41700000000000004	0.15	0.446	-0.5920000000000001	-1.9040000000000001	-1.004	-0.092	0.043	1.031	-0.684	2.092	1.767	0.158	1.643	-2.563	-30.011
16SC15146Y	0.295	-0.602	-0.998	-2.199	-1.337	-1.449	-0.053	-0.9590000000000001	0.046	-0.15	0.08900000000000001	-0.11800000000000001	-1.568	0.091	0.414	0.45399999999999996	1.375	-0.644	2.877	2.524	-0.527	1.93	-1.3030000000000002	-1.202
16SC18822Y	-0.222	-0.33399999999999996	-1.425	-2.4090000000000003	-1.242	-1.58	-0.585	-0.746	-0.139	0.449	-0.35700000000000004	-0.5920000000000001	-1.9040000000000001	-0.091	0.368	0.7340000000000001	1.604	-1.931	3.8360000000000003	3.659	-0.158	1.52	-2.278	-30.011
16SC99738Y	0.0	-0.8690000000000001	-1.2830000000000001	-2.3040000000000003	-1.051	-0.79	-0.266	-0.32	-0.046	0.299	0.0	-0.355	-1.68	-0.27399999999999997	0.368	1.123	2.062	-0.563	5.754	2.65	-0.158	1.807	-0.285	-29.976999999999997
16SC15187Y	0.14800000000000002	-0.735	-1.8530000000000002	-2.932	-1.433	-2.041	-0.37200000000000005	-1.0659999999999998	0.695	-0.075	-0.08900000000000001	-1.0659999999999998	-2.8	-0.593	0.23	1.469	1.9480000000000002	-1.288	5.231	1.767	-0.105	2.6689999999999996	0.0	5.7
16SC16475Y	0.0	-0.602	-0.998	-2.67	-0.764	-1.449	-0.16	-0.746	-0.324	0.299	0.268	-0.474	-1.12	-0.365	0.092	0.43200000000000005	1.232	-0.7240000000000001	2.267	2.65	-0.42200000000000004	1.1909999999999998	-1.5930000000000002	-1.545
16SC18850Y	0.295	-0.401	-1.568	-1.885	-0.955	-1.975	-0.319	-1.2790000000000001	0.741	0.449	0.268	-1.3030000000000002	-1.568	-1.46	0.322	0.648	0.9740000000000001	-1.046	0.785	0.379	-0.632	1.561	-1.5659999999999998	-28.191
16SC15385Y	0.0	-0.535	-1.995	-1.361	-0.86	-1.185	-0.213	-1.172	0.741	0.15	0.0	-1.3030000000000002	-2.24	-0.183	0.368	0.951	0.802	-1.368	4.098	0.505	-0.527	1.1909999999999998	-0.7120000000000001	-28.191
16SC18818Y	0.07400000000000001	-0.602	-1.2830000000000001	-1.571	-0.955	-1.054	-0.266	-0.213	-0.371	-0.15	0.08900000000000001	0.0	-1.5119999999999998	0.091	-0.046	0.49700000000000005	1.031	-0.322	4.01	3.155	0.21100000000000002	1.15	-1.665	-2.335
16SC16152Y	0.44299999999999995	0.0	-1.14	-2.4090000000000003	-0.955	-1.449	-0.266	-0.852	0.509	0.0	0.08900000000000001	-0.355	-1.7919999999999998	0.0	0.368	1.167	0.917	-1.207	2.79	1.262	-0.158	1.4780000000000002	-1.4240000000000002	-29.496
16SC16069Y	0.0	-0.602	-1.425	-2.3040000000000003	-1.146	-1.975	-0.585	-0.799	-0.371	-0.225	0.7140000000000001	-0.948	-1.7919999999999998	-0.73	0.276	1.383	1.031	-1.247	5.841	4.038	0.105	1.848	-1.014	-1.442
16SC14739Y	0.222	-0.33399999999999996	-2.423	-2.6180000000000003	-2.292	-1.844	-0.37200000000000005	-0.9590000000000001	0.41700000000000004	0.225	0.08900000000000001	-1.0659999999999998	-2.352	-0.73	0.598	1.642	2.8360000000000003	-1.207	5.754	0.883	-0.263	2.793	-1.068	-27.814
16SC18141Y	0.07400000000000001	-0.46799999999999997	-1.8530000000000002	-1.99	-1.146	-1.054	-0.426	-1.0659999999999998	0.41700000000000004	0.15	0.17800000000000002	-0.711	-0.56	0.091	0.368	0.951	1.661	0.24100000000000002	3.139	1.64	-0.053	1.93	-3.2039999999999997	-29.771
16SC15243Y	0.812	-0.134	-1.2830000000000001	-2.7230000000000003	-1.146	-1.58	-0.106	-1.0659999999999998	0.602	0.449	0.35700000000000004	-0.5920000000000001	-3.08	-0.046	0.552	1.771	2.492	-0.765	5.667000000000001	3.155	-0.21100000000000002	2.259	-0.7829999999999999	-29.153000000000002
16SC99740Y	0.0	-0.735	-1.995	-1.2570000000000001	-0.764	-1.712	-0.479	-0.639	0.648	-0.299	-0.624	-1.0659999999999998	-1.68	-0.639	0.276	0.562	0.802	-0.644	2.441	0.126	0.316	1.643	1.159	5.082
16SC18849Y	0.14800000000000002	-0.401	-1.995	-1.675	-0.669	-1.449	-0.479	-1.172	0.41700000000000004	0.0	-0.17800000000000002	-1.777	-1.7919999999999998	-0.73	0.23	1.469	1.318	-0.966	3.051	0.0	-1.054	2.3409999999999997	0.7240000000000001	4.189
16SC13079Y	0.07400000000000001	-0.401	-2.138	-2.199	-0.382	-1.58	-0.585	-0.852	0.185	0.075	0.624	-0.711	-0.56	-0.456	-0.046	0.648	0.888	-0.24100000000000002	3.923	2.271	0.21100000000000002	1.4369999999999998	-0.498	-30.046
16SC16948Y	0.0	-1.07	-1.995	-2.513	-1.624	-1.844	-0.106	-1.0659999999999998	0.556	0.674	0.08900000000000001	-0.948	-2.8	-1.004	0.391	0.562	2.12	-0.885	4.446000000000001	-0.757	-0.369	1.848	-1.6380000000000001	-27.195999999999998
16SC16116Y	0.14800000000000002	-0.067	-1.995	-3.037	-1.242	-2.305	-0.213	-0.9590000000000001	0.648	0.374	-0.624	-0.415	-3.0239999999999996	0.0	0.92	1.944	1.9480000000000002	-1.328	5.928999999999999	1.325	-0.42200000000000004	2.136	0.579	4.292
16SC18826Y	0.295	-0.535	-1.568	-2.199	-1.051	-1.185	-0.266	-0.32	0.0	0.225	0.446	-0.711	-2.128	-0.183	0.0	0.8640000000000001	0.802	-0.563	3.923	2.524	-0.474	1.0270000000000001	-0.8190000000000001	-30.08
16SC16133Y	0.44299999999999995	-0.067	-1.14	-2.199	-1.051	-1.712	-0.37200000000000005	-0.852	0.602	0.599	0.268	-0.474	-2.464	-0.5479999999999999	0.598	0.929	1.9769999999999999	-1.449	4.185	2.524	-0.105	2.423	-0.579	1.511
16SC19398Y	-0.14800000000000002	-0.134	-0.855	-2.094	-1.051	-1.054	-0.213	-0.5329999999999999	-0.278	-0.15	0.17800000000000002	-0.5920000000000001	-1.68	0.091	0.046	0.259	1.203	-0.563	3.8360000000000003	3.155	-0.42200000000000004	1.93	-1.81	-2.61
16SC16129Y	-0.14800000000000002	-0.8690000000000001	-3.136	-3.56	-1.815	-3.029	-0.37200000000000005	-1.811	0.371	0.449	-0.35700000000000004	-0.711	-3.697	-1.3230000000000002	0.805	1.966	2.521	-1.609	7.062	2.713	-1.001	2.957	-1.068	-26.921
16SC19342Y	0.295	-0.134	-1.425	-1.99	-0.955	-1.449	-0.213	-0.5329999999999999	0.41700000000000004	0.674	0.535	-0.711	-2.016	-0.821	0.667	1.383	1.031	-0.885	5.144	3.029	0.263	2.053	-0.35600000000000004	-29.29
16SC16473Y	-0.222	-1.003	-2.708	-3.037	-2.101	-3.424	-0.426	-1.9180000000000001	0.556	-0.299	-0.892	-1.777	-2.464	-0.091	0.644	1.771	1.891	-1.891	4.97	1.3880000000000001	0.369	3.162	-0.214	-26.851999999999997
16SC16193Y	0.0	-0.067	-1.71	-1.78	-1.051	-0.922	-0.16	-1.012	0.185	0.225	0.17800000000000002	0.237	-1.7919999999999998	-0.365	0.092	0.8640000000000001	1.318	-0.563	2.964	3.029	-0.685	1.109	0.217	0.069
16SC19393Y	0.07400000000000001	-0.669	-1.2830000000000001	-2.199	-0.86	-0.922	-0.37200000000000005	-0.639	-0.602	0.449	-0.08900000000000001	-0.355	-1.9040000000000001	-0.365	-0.046	0.778	1.661	-0.161	3.313	3.407	-0.21100000000000002	1.4369999999999998	-1.3030000000000002	-3.949
16SC15101Y	0.07400000000000001	-0.401	-1.425	-1.675	-0.955	-1.449	-0.106	-0.213	0.41700000000000004	0.0	0.268	-0.5920000000000001	-1.4	-0.091	0.184	0.7559999999999999	1.49	-1.127	3.662	1.64	-0.263	1.561	-0.8190000000000001	-28.878
16SC18830Y	0.369	-0.46799999999999997	-1.8530000000000002	-2.3040000000000003	-1.146	-1.844	-0.37200000000000005	-1.2790000000000001	0.509	0.15	-0.35700000000000004	-0.5329999999999999	-1.9040000000000001	-0.9129999999999999	0.552	1.426	1.547	-0.322	3.923	2.145	0.21100000000000002	1.807	0.797	4.4639999999999995
16SC08998Y	-0.222	-0.46799999999999997	-1.14	-1.885	-0.86	-1.383	-0.266	-0.852	-0.324	0.299	0.892	-0.11800000000000001	-1.568	-0.183	0.368	0.605	1.547	-0.7240000000000001	5.144	2.7760000000000002	0.21100000000000002	1.725	-0.507	-3.3310000000000004
16SC15255Y	0.48	-0.201	-1.8530000000000002	-1.99	-0.86	-1.317	-0.37200000000000005	-1.492	-0.139	0.374	0.268	-0.11800000000000001	-2.352	0.0	0.322	1.08	1.031	-0.563	4.446000000000001	3.155	-0.474	1.52	-1.21	-29.805
16SC12080Y	-0.14800000000000002	-0.33399999999999996	-1.71	-1.2570000000000001	-1.051	-0.922	-0.16	-0.426	0.371	0.075	-0.535	-0.474	-1.12	-0.821	0.506	1.037	0.745	-0.322	2.528	2.019	0.053	1.314	-0.7120000000000001	-29.016
16SC15109Y	-0.222	-0.602	-0.57	-1.361	-0.955	-0.922	-0.37200000000000005	-0.5329999999999999	-0.371	0.075	0.35700000000000004	-0.8290000000000001	-0.56	0.183	-0.046	0.259	1.203	-0.121	3.313	2.019	-0.316	0.862	-1.851	-30.732
16SC18230Y	0.0	-0.401	-1.425	-1.571	-0.764	-1.054	-0.266	-1.0659999999999998	-0.41700000000000004	0.15	-0.08900000000000001	-0.11800000000000001	-1.456	-0.9129999999999999	-0.276	0.259	0.8590000000000001	-0.845	2.877	3.029	-0.053	0.698	-0.652	-2.095
16SC19346Y	0.369	-0.33399999999999996	-1.639	-2.3040000000000003	-0.955	-1.712	-0.585	-1.0659999999999998	0.278	0.449	0.0	-0.237	-1.7919999999999998	0.0	0.391	1.4469999999999998	2.062	-0.7240000000000001	5.754	2.398	0.369	1.766	-0.35600000000000004	-29.84
16SC14733Y	0.44299999999999995	-0.33399999999999996	-1.568	-2.199	-1.337	-1.844	-0.16	-0.426	0.324	0.075	0.08900000000000001	-0.237	-1.9040000000000001	-0.183	0.46	1.08	1.375	-0.483	3.139	2.334	-0.58	1.643	-0.8540000000000001	-29.771
16SC04165Y	0.44299999999999995	-0.401	-2.423	-2.3040000000000003	-1.242	-1.317	-0.106	-0.5329999999999999	0.741	0.0	-0.35700000000000004	-1.1840000000000002	-2.24	-0.27399999999999997	0.276	1.858	2.062	-0.644	6.452000000000001	2.271	-0.21100000000000002	2.752	0.142	-28.329
16SC16195Y	0.665	0.067	-0.998	-2.199	-1.528	-0.6579999999999999	-0.532	-1.2790000000000001	0.371	0.449	0.446	-1.3619999999999999	-2.352	-0.821	0.552	0.518	1.432	-1.046	1.133	1.83	0.21100000000000002	1.6840000000000002	-2.7769999999999997	-29.359
16SC09139Y	0.222	-0.46799999999999997	-0.713	-1.885	-1.528	-1.119	-0.37200000000000005	-0.639	-0.46299999999999997	0.524	0.446	0.355	-2.128	0.13699999999999998	0.023	0.799	1.776	-0.322	4.97	2.9019999999999997	-0.105	1.232	-1.4240000000000002	-30.904
16SC16813Y	-0.14800000000000002	-0.602	-1.568	-1.675	-1.337	-1.449	-0.426	-0.426	-0.139	0.075	0.0	-0.237	-1.568	-0.639	0.253	0.778	1.547	-0.08	4.534	2.524	-0.58	1.355	-0.285	-30.114
16SC18233Y	0.14800000000000002	-0.134	-1.14	-1.99	-0.191	-1.317	0.0	-0.32	0.41700000000000004	0.748	-0.17800000000000002	-0.474	-1.288	-0.456	0.276	0.907	1.089	-0.7240000000000001	3.139	1.514	0.105	1.889	-0.8540000000000001	-29.359
16SC17388Y	0.222	-0.33399999999999996	-2.138	-2.6180000000000003	-0.573	-0.922	-0.266	-0.639	0.787	0.225	-0.08900000000000001	-0.948	-1.9040000000000001	-0.365	1.012	1.123	1.719	-0.7240000000000001	4.185	2.65	-0.42200000000000004	2.012	-1.21	-28.671999999999997
16SC18781Y	-0.07400000000000001	-0.46799999999999997	-1.568	-1.361	-0.764	-1.844	-0.16	-0.746	-0.324	0.075	-0.08900000000000001	0.237	-1.7919999999999998	-0.7759999999999999	0.138	0.821	0.9740000000000001	-0.483	6.626	0.757	0.42200000000000004	1.643	0.42700000000000005	-29.874000000000002
16SC16266Y	0.14800000000000002	-0.134	-0.713	-2.199	-1.051	-0.6579999999999999	-0.426	-1.598	-0.46299999999999997	-0.075	0.35700000000000004	0.11800000000000001	-2.128	-0.456	-0.184	0.302	1.8330000000000002	-0.7240000000000001	3.4	2.9019999999999997	-0.21100000000000002	1.6840000000000002	-1.7380000000000002	-3.4339999999999997
16SC10465Y	0.0	-0.602	-1.14	-1.571	-0.764	-1.712	-0.585	-0.9590000000000001	-0.23199999999999998	0.15	0.535	-1.0659999999999998	-1.176	-0.046	-0.023	0.302	0.802	-0.563	2.79	2.7760000000000002	0.053	1.314	-1.4240000000000002	-29.943
16SC16415Y	0.591	-0.067	-1.71	-2.932	-0.764	-1.58	0.213	-1.385	0.741	0.524	1.249	-0.5920000000000001	-3.0239999999999996	-0.639	0.966	1.815	1.891	-1.046	5.231	2.9019999999999997	-0.738	2.053	0.579	3.605
16SC19399Y	0.0	-0.267	-0.998	-1.78	-0.955	-0.922	-0.266	-0.586	-0.324	-0.374	0.35700000000000004	-0.5920000000000001	-1.344	-0.456	0.092	0.562	1.031	-0.322	3.051	2.082	-0.369	1.355	-0.797	-2.369
16SC13942Y	0.222	-0.535	-2.5660000000000003	-2.3040000000000003	-1.337	-2.041	-0.16	-0.9590000000000001	0.8340000000000001	0.374	-0.535	-0.711	-1.68	-0.639	0.552	1.339	1.203	-1.609	4.97	2.082	-0.21100000000000002	2.546	1.0859999999999999	5.185
16SC15189Y	0.44299999999999995	-0.33399999999999996	-0.855	-1.99	-1.051	-0.79	-0.37200000000000005	-0.5329999999999999	-0.23199999999999998	0.449	0.35700000000000004	0.355	-1.9040000000000001	-0.091	0.276	1.015	2.263	-0.885	5.841	3.155	0.105	1.848	-1.3030000000000002	-3.228
16SC16157Y	0.7390000000000001	-0.267	-1.568	-1.675	-0.86	-1.317	-0.266	-1.172	0.648	0.449	0.17800000000000002	-1.1840000000000002	-1.456	-1.004	0.23	1.167	0.8590000000000001	-0.966	2.616	1.767	-0.843	1.807	0.652	0.858
16SC15339Y	0.07400000000000001	-0.735	-1.71	-1.99	-0.669	-1.317	-0.213	-0.5329999999999999	-0.371	0.823	0.535	-0.237	-1.568	-0.183	-0.184	0.691	1.49	-0.7240000000000001	3.575	2.7760000000000002	-0.527	1.725	-0.997	-30.664
16SC18820Y	0.222	-0.33399999999999996	-0.713	-1.99	-1.051	-0.395	-0.319	-0.639	-0.23199999999999998	0.225	0.268	-0.415	-1.68	-0.091	0.23	0.691	1.26	-0.644	3.4	2.271	0.158	1.4369999999999998	-1.3530000000000002	-31.179000000000002
16SC16818Y	0.591	-0.735	-0.998	-2.199	-0.764	-1.449	-0.16	-0.9590000000000001	0.602	0.0	-0.35700000000000004	-0.711	-2.016	0.091	0.552	1.037	1.547	-0.402	3.7489999999999997	3.659	-0.316	2.3	-0.145	1.236
16SC16065Y	0.111	-0.802	-0.998	-1.99	-1.337	-1.712	-0.16	-1.0659999999999998	-0.509	0.075	0.17800000000000002	-0.237	-1.96	0.091	0.322	0.778	1.318	-0.805	4.97	3.659	0.158	1.889	-1.5930000000000002	-2.2319999999999998
16SC16121Y	0.222	-0.46799999999999997	-1.2830000000000001	-1.466	-1.051	-0.922	-0.638	-0.426	-0.278	0.225	0.35700000000000004	-0.5920000000000001	-1.736	-0.365	0.046	0.324	1.203	-1.127	3.051	2.019	-0.632	1.848	-1.4480000000000002	-1.786
16SC16158Y	0.517	-0.602	-0.57	-1.466	-0.955	-0.527	-0.479	-0.639	-0.602	-0.299	0.08900000000000001	-0.948	-0.784	-1.095	-0.43700000000000006	0.13	0.802	-1.449	0.9590000000000001	1.3880000000000001	-0.474	1.232	-1.5659999999999998	-30.664
16SC15388Y	0.07400000000000001	-0.602	-2.352	-1.885	-1.242	-2.1069999999999998	-0.426	-1.0659999999999998	0.509	-0.449	-0.8029999999999999	-1.1840000000000002	-0.8959999999999999	-0.091	0.552	0.972	1.776	-0.322	5.405	1.577	0.79	2.3	-0.57	-28.5
16SC15387Y	0.14800000000000002	-0.33399999999999996	-1.8530000000000002	-2.094	-1.146	-2.1069999999999998	-0.426	-0.746	0.602	0.449	0.35700000000000004	-0.355	-1.12	-0.456	0.552	0.821	1.661	-1.207	4.621	2.7760000000000002	0.42200000000000004	2.094	-1.3530000000000002	-28.775
16SC13307Y	-0.369	-0.802	-2.9930000000000003	-1.6230000000000002	-1.337	-3.029	-0.106	-1.2790000000000001	0.139	-0.748	-0.892	-2.0140000000000002	-1.7919999999999998	-1.278	-0.23	0.43200000000000005	0.22899999999999998	-1.127	1.308	0.0	0.685	1.068	2.6069999999999998	6.662000000000001
16SC15128Y	-0.07400000000000001	-0.33399999999999996	-1.9240000000000002	-2.513	-0.478	-1.712	-0.16	-0.5329999999999999	-0.185	0.15	-0.08900000000000001	0.0	-1.12	-0.73	0.276	0.648	1.518	-0.885	4.882	2.65	-0.316	1.6019999999999999	-0.997	-30.046
16SC08917Y	0.14800000000000002	-0.401	-0.998	-2.3040000000000003	-0.86	-1.054	-0.479	-0.746	-0.324	-0.15	0.35700000000000004	0.0	-1.232	-0.821	0.23	0.8640000000000001	1.146	-0.563	3.4	2.65	-0.369	1.643	-1.78	-30.32
16SC19345Y	0.295	-0.401	-1.995	-2.827	-1.433	-2.37	-0.106	-0.213	0.648	0.225	0.08900000000000001	-1.0659999999999998	-3.9210000000000003	0.091	0.46	2.2030000000000003	2.12	-0.805	8.195	2.082	0.316	2.8339999999999996	0.145	6.215
16SC18811Y	0.14800000000000002	-0.401	-1.4969999999999999	-1.885	-1.337	-1.054	0.106	-0.426	0.23199999999999998	0.225	0.268	-0.5920000000000001	-1.5119999999999998	-0.365	0.253	0.691	1.375	-0.845	3.139	1.767	-0.369	1.889	-1.709	-29.565
16SC17339Y	0.07400000000000001	-0.735	-1.425	-2.094	-1.242	-1.712	-0.426	-1.0659999999999998	-0.185	0.374	0.0	-0.355	-1.344	-0.091	0.092	0.7340000000000001	1.49	-0.805	3.662	3.281	0.474	1.561	-1.0859999999999999	-1.271
16SC16978Y	0.369	-0.735	-1.995	-2.3040000000000003	-1.337	-1.317	-0.532	-0.852	-0.371	0.0	0.35700000000000004	-0.355	-1.064	-0.365	0.092	0.821	1.9480000000000002	-0.7240000000000001	5.405	3.029	0.105	1.725	-0.997	-30.389
16SC17357Y	0.517	-0.535	-1.995	-2.7230000000000003	-1.242	-1.185	-0.319	-0.5329999999999999	0.556	0.449	0.446	-0.5329999999999999	-2.576	-0.27399999999999997	0.782	1.469	2.292	-1.046	4.534	3.029	0.105	2.094	-1.139	-29.084
16SC19391Y	0.258	-0.33399999999999996	-1.71	-1.885	-0.764	-2.1069999999999998	-0.16	-1.0659999999999998	0.278	0.599	0.268	-0.711	-1.12	-0.183	0.575	1.296	1.089	-0.765	3.4	1.136	0.105	1.807	-0.652	2.129
16SC16808Y	0.295	-0.401	-1.2830000000000001	-1.99	-0.669	-1.185	-0.37200000000000005	-0.426	-0.371	0.225	0.7140000000000001	-0.11800000000000001	-1.736	-0.091	-0.184	0.562	1.661	-0.483	4.098	3.029	-0.527	1.6840000000000002	-1.3030000000000002	-3.262
16SC16096Y	0.96	-0.46799999999999997	-2.209	-2.513	-0.86	-2.37	-0.479	-1.385	0.648	0.449	0.08900000000000001	-0.355	-2.576	0.091	1.058	1.253	1.891	-1.207	5.667000000000001	2.7760000000000002	-0.58	2.053	-1.068	-28.671999999999997
16SC18837Y	0.222	0.067	-0.713	-1.571	-0.955	-0.527	-0.6920000000000001	-0.32	-0.46299999999999997	0.075	0.268	-0.355	-1.344	-0.73	-0.276	0.17300000000000001	0.344	-1.006	0.523	4.038	-0.369	1.1909999999999998	-4.343	-31.694000000000003
16SC13947Y	0.44299999999999995	-0.46799999999999997	-1.8530000000000002	-2.4090000000000003	-1.051	-0.79	0.0	-1.492	0.371	0.075	0.268	0.17800000000000002	-2.464	-0.639	0.506	1.944	1.8330000000000002	-1.328	4.446000000000001	2.271	-0.369	2.6689999999999996	-0.142	-28.397
16SC15216Y	-0.07400000000000001	0.0	-0.713	-0.838	-0.669	-1.317	-0.319	-0.639	-0.046	-0.075	0.17800000000000002	-1.1840000000000002	-0.672	-0.821	-0.368	0.389	0.172	-0.7240000000000001	1.569	0.568	-0.105	0.862	-0.6759999999999999	-29.428
16SC16943Y	0.14800000000000002	-0.535	-2.423	-2.094	-0.669	-1.712	0.106	-0.639	0.556	0.299	0.268	0.11800000000000001	-1.4	-0.456	0.598	1.858	2.005	-1.046	7.497999999999999	3.533	0.21100000000000002	2.094	0.36200000000000004	2.6439999999999997
16SC13319Y	0.14800000000000002	-0.33399999999999996	-0.998	-1.571	-0.86	-1.054	-0.37200000000000005	-0.426	-0.602	-0.674	0.35700000000000004	-1.0659999999999998	-1.12	-1.551	-0.69	0.0	0.172	-1.046	1.482	1.262	0.0	1.6840000000000002	-1.994	-30.217
16SC15675Y	0.295	-0.669	-1.71	-1.885	-1.051	-1.317	-0.053	-0.32	0.0	0.599	0.17800000000000002	-0.355	-2.016	-0.27399999999999997	0.46	0.951	1.49	-0.684	5.405	3.029	-0.316	1.52	-0.071	-29.908
16SC16119Y	-0.44299999999999995	-1.137	-5.559	-4.189	-2.197	-4.2139999999999995	-0.638	-2.344	0.23199999999999998	-0.374	-1.249	-1.421	-4.145	-1.004	0.644	1.815	2.292	-1.288	7.934	0.946	-0.316	2.218	-0.57	-25.546999999999997
16SC19396Y	0.07400000000000001	-0.46799999999999997	-2.138	-1.571	-0.478	-1.58	-0.053	-0.639	0.185	-0.299	0.446	-0.29600000000000004	-1.4	-0.365	0.322	0.648	0.773	-0.08	3.662	1.704	0.8959999999999999	1.4369999999999998	-0.217	0.8240000000000001
16SC16412Y	0.0	-0.401	-2.5660000000000003	-2.199	-1.91	-2.37	-0.106	-1.0659999999999998	0.46299999999999997	0.0	-0.624	-1.3030000000000002	-2.912	-0.27399999999999997	0.828	1.4469999999999998	1.633	-1.65	4.446000000000001	0.379	-0.369	2.5869999999999997	0.217	5.151
16SC17415Y	0.517	-0.401	-0.428	-2.4090000000000003	-1.051	-1.514	-0.745	-0.799	0.046	0.374	-0.17800000000000002	-0.5920000000000001	-2.016	-0.73	0.092	0.562	1.031	-0.684	2.441	2.019	-1.054	1.4780000000000002	1.4480000000000002	-1.786
16SC16192Y	0.369	-0.401	-0.998	-2.199	-1.242	-1.317	-0.266	-0.586	-0.09300000000000001	0.299	0.35700000000000004	0.11800000000000001	-2.576	-0.365	0.276	0.562	1.089	-1.127	3.051	2.145	-0.527	1.807	-1.883	-1.271
16SC19347Y	0.295	-0.33399999999999996	-2.423	-2.6180000000000003	-1.337	-1.844	0.0	-1.2790000000000001	0.973	0.225	0.446	-0.474	-1.9040000000000001	-0.639	0.9890000000000001	1.7280000000000002	1.604	-1.046	4.882	3.155	-0.158	2.546	0.07200000000000001	1.854
16SC16967Y	0.07400000000000001	-0.669	-1.2830000000000001	-1.99	-1.337	-1.449	-0.213	-0.9590000000000001	-0.324	0.374	0.446	0.711	-1.5119999999999998	-0.639	-0.184	1.08	1.375	-0.563	3.313	3.659	-0.105	1.314	-1.0859999999999999	-1.4769999999999999
16SC16805Y	-0.07400000000000001	-0.33399999999999996	-1.425	-1.675	-0.955	-1.712	-0.585	-0.479	0.09300000000000001	0.299	0.35700000000000004	-0.711	-1.344	-0.183	0.023	0.8640000000000001	1.203	-1.288	4.359	2.5869999999999997	-0.8959999999999999	1.643	-1.068	-29.29
16SC16949Y	0.665	-0.46799999999999997	-2.708	-2.984	-1.051	-2.7	-0.532	-0.639	0.556	0.599	0.0	-1.0659999999999998	-1.568	-0.365	0.736	2.031	2.349	-0.644	6.712999999999999	4.543	-0.158	2.875	0.652	4.086
16SC16153Y	0.14800000000000002	-0.067	-1.2109999999999999	-1.361	-0.86	-1.712	-0.053	-0.746	0.23199999999999998	0.524	0.0	-0.8290000000000001	-1.568	-0.183	0.368	1.037	1.146	-1.4080000000000001	3.051	1.136	-0.527	1.6019999999999999	0.29	1.4769999999999999
16SC10030Y	-0.14800000000000002	0.0	-0.998	-1.2570000000000001	-0.573	-0.527	-0.106	-0.852	0.046	-0.225	0.35700000000000004	-0.948	-0.168	-0.821	-0.046	0.302	0.172	-0.885	1.9180000000000001	0.568	-0.58	1.355	-2.065	-29.565
16SC17425Y	0.0	-0.267	-0.713	-1.885	-1.051	-0.922	-0.479	-0.479	-0.509	0.374	0.35700000000000004	0.11800000000000001	-1.232	-0.365	0.046	0.7340000000000001	1.3459999999999999	-0.483	2.877	2.398	-0.474	1.355	-1.4480000000000002	-3.502
16SC16950Y	0.44299999999999995	-0.33399999999999996	-1.8530000000000002	-2.199	-0.955	-1.58	-0.37200000000000005	-0.9590000000000001	0.324	0.374	0.268	-0.237	-2.128	-0.27399999999999997	0.506	1.426	2.12	-0.644	4.01	2.019	-0.316	2.094	-0.797	1.064
16SC12893Y	0.14800000000000002	-0.602	-0.57	-2.199	-1.051	-0.395	-0.319	-0.693	-0.324	0.374	0.624	-0.237	-1.456	0.27399999999999997	0.023	0.7340000000000001	0.9740000000000001	-0.282	3.4	3.029	-0.158	0.986	-1.2309999999999999	-2.61
16SC08989Y	0.0	-0.134	-1.71	-1.885	-1.051	-1.317	-0.37200000000000005	-0.5329999999999999	-0.139	0.674	0.35700000000000004	-0.77	-1.7919999999999998	-0.365	0.414	0.8640000000000001	1.089	-0.805	4.359	2.7760000000000002	-0.263	1.4780000000000002	-1.3530000000000002	-29.976999999999997
16SC99736Y	0.0	-0.134	-1.568	-1.885	-1.528	-1.58	-0.426	-0.639	-0.371	0.225	0.446	-0.711	-1.68	0.27399999999999997	0.23	0.778	1.8330000000000002	-1.5290000000000001	3.575	2.524	-0.632	1.766	-1.7380000000000002	-1.7169999999999999
16SC13043Y	0.14800000000000002	-0.46799999999999997	-1.568	-2.199	-0.955	-1.054	-0.37200000000000005	-0.9590000000000001	0.371	0.524	0.268	-0.474	-1.9040000000000001	-0.27399999999999997	0.23	0.8640000000000001	1.891	-0.402	3.8360000000000003	3.344	-0.58	2.136	-1.4480000000000002	-0.275
16SC18831Y	0.0	-0.401	-0.855	-1.885	-0.478	-0.922	-0.532	-0.852	-0.278	0.0	-0.17800000000000002	-0.711	-1.568	0.0	0.322	0.23800000000000002	1.031	-0.805	2.18	1.704	-0.685	1.109	-1.4240000000000002	-30.32
16SC17377Y	0.44299999999999995	-0.46799999999999997	-2.28	-2.094	-0.669	-1.317	-0.16	-1.172	0.278	0.15	-0.35700000000000004	-0.8290000000000001	-1.9040000000000001	-0.319	0.46	1.275	1.375	-0.885	4.882	2.145	0.105	1.889	0.8690000000000001	2.472
16SC16156Y	0.0	-0.201	-0.713	-1.885	-1.146	-0.6579999999999999	-0.532	-0.639	-0.324	0.449	0.7140000000000001	-0.5920000000000001	-1.456	0.183	0.23	0.562	0.917	-0.7240000000000001	1.6569999999999998	3.029	-0.369	0.7390000000000001	-1.2309999999999999	-3.88
16SC15419Y	0.222	-0.602	-1.8530000000000002	-2.3040000000000003	-0.764	-2.239	-0.053	-0.852	0.324	0.374	0.35700000000000004	-1.0659999999999998	-1.9040000000000001	-0.183	0.644	1.5119999999999998	2.005	-0.644	6.364	2.7760000000000002	0.053	2.3819999999999997	-0.285	-29.565
16SC17362Y	0.44299999999999995	-0.602	-1.995	-2.094	-1.337	-1.975	-0.266	-1.385	0.8340000000000001	0.299	0.0	-0.8290000000000001	-1.7919999999999998	0.0	0.69	1.21	2.0340000000000003	-1.368	5.231	2.7760000000000002	0.263	2.3	-1.2819999999999998	-28.947
16SC19389Y	0.0	-0.535	-0.57	-1.2570000000000001	-0.764	-1.054	-0.37200000000000005	-0.746	-0.509	-0.075	-0.08900000000000001	-0.5920000000000001	-0.784	-0.73	-0.276	0.19399999999999998	1.318	-0.644	2.441	0.946	-0.474	0.78	-0.8540000000000001	-30.629
16SC19400Y	0.07400000000000001	-0.535	-1.2830000000000001	-1.8330000000000002	-0.86	-1.317	-0.426	-0.746	-0.41700000000000004	0.225	0.17800000000000002	-0.474	-1.68	-0.867	0.138	0.8640000000000001	0.8590000000000001	-0.563	4.446000000000001	2.9019999999999997	-0.263	1.4369999999999998	-1.7380000000000002	-1.786
16SC18829Y	0.07400000000000001	-0.535	-0.998	-1.99	-1.051	-1.317	-0.638	-0.5329999999999999	-0.23199999999999998	0.225	-0.268	0.0	-2.016	-0.27399999999999997	0.276	0.648	1.547	-1.0859999999999999	4.621	3.155	0.053	1.766	-1.883	-2.987
16SC17428Y	0.0	-0.267	-0.855	-1.99	-0.955	-0.988	-0.532	-0.746	-0.509	0.15	0.446	0.355	-1.9040000000000001	0.27399999999999997	-0.184	0.34600000000000003	1.146	-0.483	2.441	3.155	0.0	1.1909999999999998	-1.46	-31.11
16SC12912Y	-0.07400000000000001	-0.8690000000000001	-3.8480000000000003	-3.613	-1.719	-2.897	-0.37200000000000005	-2.451	0.23199999999999998	-0.599	-0.535	-1.599	-4.257	-1.369	0.483	0.562	1.4609999999999999	-2.334	3.7489999999999997	-0.757	-0.738	1.766	1.4480000000000002	9.374
16SC15130Y	0.14800000000000002	-0.602	-1.71	-1.99	-0.573	-1.185	-0.532	-0.426	-0.509	0.0	0.268	0.237	-1.456	-0.456	-0.138	0.34600000000000003	0.8590000000000001	-0.322	2.964	2.524	-0.527	1.396	-1.495	-30.801
16SC18847Y	0.07400000000000001	0.0	-1.14	-1.99	-1.337	-1.975	-0.213	-0.5329999999999999	0.648	0.449	0.268	-0.948	-2.016	-0.5479999999999999	0.552	0.9940000000000001	1.203	-1.5290000000000001	2.005	2.145	-0.263	2.012	0.07200000000000001	0.927
16SC17423Y	-0.07400000000000001	-0.267	-1.568	-2.094	-0.955	-1.317	-0.426	-0.746	0.09300000000000001	0.524	0.446	0.0	-1.456	0.0	0.046	0.389	1.547	-0.563	3.923	1.767	-0.474	1.4369999999999998	-2.207	-30.183000000000003
16SC18817Y	0.222	-0.33399999999999996	-1.71	-2.3040000000000003	-1.051	-1.449	-0.532	-0.32	-0.371	-0.524	0.08900000000000001	0.237	-2.016	-0.456	0.23	0.43200000000000005	1.547	-0.805	2.877	3.533	-0.158	1.643	-2.492	-30.355
16SC15500Y	0.14800000000000002	-0.602	-1.71	-2.3040000000000003	-1.051	-1.185	-0.16	-0.9590000000000001	-0.278	0.075	0.268	-0.17800000000000002	-2.24	-0.183	0.046	1.123	1.7469999999999999	-0.7240000000000001	6.364	3.029	0.105	2.053	-0.7240000000000001	-0.48100000000000004
16SC18825Y	-0.07400000000000001	-0.134	-0.57	-1.571	-0.86	-0.922	-0.479	-0.746	-0.139	0.075	0.535	-1.1840000000000002	-1.68	-0.9129999999999999	0.322	0.324	0.917	-1.046	0.785	0.631	-1.001	0.986	-0.7240000000000001	-1.9569999999999999
16SC12899Y	0.185	-0.602	-1.2830000000000001	-2.3040000000000003	-0.764	-0.527	-0.532	-0.746	-0.139	-0.075	0.0	-0.11800000000000001	-0.8959999999999999	-0.639	0.322	0.281	0.802	-0.402	2.964	2.145	-0.158	1.396	-1.376	-1.786
16SC16723Y	0.295	-0.802	-0.998	-2.3040000000000003	-1.051	-2.37	-0.37200000000000005	-1.492	-0.371	0.299	0.8029999999999999	0.0	-2.24	-0.27399999999999997	0.322	1.383	1.8330000000000002	-0.563	8.283	3.975	0.369	2.177	-0.214	-31.076
16SC16198Y	0.07400000000000001	-0.267	-1.425	-3.037	-1.528	-1.317	-0.319	-1.172	0.695	0.599	-0.08900000000000001	-1.421	-2.8	-1.186	0.529	1.253	1.719	-0.966	3.139	1.64	-0.42200000000000004	2.546	-2.741	-28.671999999999997
16SC13048Y	0.07400000000000001	-0.669	-1.14	-1.571	-0.86	-1.317	-0.266	-1.0659999999999998	0.046	0.299	-0.268	-0.5920000000000001	-1.4	0.27399999999999997	0.598	0.7340000000000001	1.146	-0.805	4.098	1.83	0.105	1.93	-1.5659999999999998	-29.599
16SC17332Y	0.14800000000000002	-0.46799999999999997	-1.71	-2.199	-0.669	-1.844	-0.16	-0.426	0.23199999999999998	0.674	0.268	-0.711	-2.128	-0.183	0.184	1.015	1.031	-0.483	3.923	1.767	-0.21100000000000002	1.6840000000000002	-0.142	-29.599
16SC19349Y	0.222	-0.535	-2.28	-2.827	-1.433	-2.502	0.0	-0.9590000000000001	0.8340000000000001	0.075	0.0	-0.474	-3.0239999999999996	-0.365	0.736	2.2030000000000003	1.9480000000000002	-1.489	8.107999999999999	2.019	-0.263	2.5869999999999997	1.014	5.322
16SC16478Y	0.14800000000000002	-0.267	-0.855	-2.094	-0.955	-0.6579999999999999	-0.532	-0.693	-0.556	-0.374	0.17800000000000002	0.11800000000000001	-1.68	-0.27399999999999997	-0.092	0.389	1.26	-1.4080000000000001	4.359	3.155	-0.158	1.766	-1.665	-3.3989999999999996
16SC16151Y	0.0	-0.33399999999999996	-1.425	-1.675	-1.146	-0.79	-0.426	-1.119	-0.23199999999999998	-0.15	0.446	0.11800000000000001	-1.568	-0.183	-0.138	0.605	0.917	-0.483	2.18	1.577	0.263	1.93	-0.652	-1.03
16SC19343Y	0.14800000000000002	-0.33399999999999996	-1.425	-2.513	-0.86	-1.317	0.213	-0.5329999999999999	-0.278	-0.15	0.268	0.11800000000000001	-2.016	-1.004	0.138	0.951	1.547	-0.483	5.0569999999999995	3.029	-0.369	1.273	-0.7829999999999999	-30.046
16SC16130Y	0.369	-0.669	-1.71	-2.3040000000000003	-1.146	-1.58	-0.532	-1.172	0.278	0.374	0.35700000000000004	0.355	-1.9040000000000001	0.27399999999999997	0.368	0.907	2.435	-0.885	5.405	2.7760000000000002	-0.21100000000000002	2.3	-1.495	-30.046
16SC15221Y	-0.332	-0.33399999999999996	-0.713	-1.99	-0.669	-1.054	-0.479	-0.746	-0.41700000000000004	0.374	0.0	-0.474	-2.016	-0.319	-0.046	0.583	0.602	-0.644	2.005	0.631	0.053	1.068	-1.5659999999999998	-29.976999999999997
16SC19332Y	0.295	-0.669	-1.995	-2.199	-1.051	-2.1069999999999998	0.16	-0.426	0.0	0.524	0.17800000000000002	0.237	-1.344	0.365	0.736	1.642	1.719	-0.644	7.149	3.659	-0.053	1.0270000000000001	-0.6409999999999999	-29.737
16SC16817Y	0.07400000000000001	-0.46799999999999997	-1.568	-1.466	-0.764	-1.185	-0.213	-0.693	0.602	0.299	0.08900000000000001	-0.948	-0.56	0.091	0.184	1.469	0.516	-0.201	2.79	0.883	-0.474	1.273	-0.9259999999999999	-29.016
16SC15381Y	0.332	-1.137	-2.8510000000000004	-3.3510000000000004	-1.91	-3.951	-0.426	-2.877	0.8340000000000001	0.0	-0.535	-2.369	-3.136	-1.095	0.575	1.037	1.891	-1.65	6.8	2.145	-0.369	2.6689999999999996	2.4619999999999997	7.28
16SC19211Y	0.0	-0.535	-1.995	-1.1	-1.051	-2.1069999999999998	-0.319	-1.119	0.371	-0.225	0.08900000000000001	-1.0659999999999998	-1.12	-0.091	-0.138	1.469	0.917	-1.368	5.58	0.883	0.369	1.725	-0.071	-28.535
16SC16132Y	0.517	-0.134	-1.14	-2.6180000000000003	-0.669	-1.712	-0.053	-0.9590000000000001	0.46299999999999997	0.225	0.624	-0.474	-2.296	-0.319	0.575	1.167	2.12	-1.127	4.708	2.7760000000000002	-0.474	1.561	-0.507	0.584
16SC09208Y	0.07400000000000001	-0.46799999999999997	-0.713	-1.675	-1.051	-1.712	-0.106	-1.492	0.371	0.15	-0.08900000000000001	-1.3030000000000002	-2.8	-1.278	0.552	0.518	0.831	-1.127	1.569	1.767	-0.105	1.807	-2.67	-28.878
16SC18846Y	0.295	-0.267	-1.14	-1.99	-0.764	-1.58	-0.16	-1.2790000000000001	0.278	0.599	0.268	-0.11800000000000001	-1.12	-0.365	0.667	0.648	1.318	-0.24100000000000002	3.4	3.029	-0.158	1.6840000000000002	-0.217	1.236
16SC15215Y	-0.07400000000000001	-0.33399999999999996	-1.425	-1.466	-0.955	-0.79	-0.053	-0.746	-0.278	0.15	0.17800000000000002	-0.11800000000000001	-1.68	-0.5479999999999999	0.0	0.389	0.8590000000000001	-1.288	1.569	2.145	-0.474	1.9709999999999999	-1.709	-29.908
16SC15190Y	0.44299999999999995	-0.46799999999999997	-1.995	-2.513	-1.051	-2.1069999999999998	-0.213	-1.598	0.046	0.075	0.268	0.11800000000000001	-2.912	-0.183	0.414	1.555	2.349	-0.402	6.364	4.543	0.21100000000000002	2.423	-0.36200000000000004	-0.687
16SC16191Y	0.44299999999999995	-0.201	-0.998	-1.99	-1.051	-1.844	-0.053	-0.639	0.139	0.15	0.624	-0.237	-2.128	0.27399999999999997	0.46	1.21	1.661	-0.483	4.621	2.524	-0.105	1.109	-1.5659999999999998	-29.701999999999998
16SC08988Y	0.369	-0.669	-1.425	-2.3040000000000003	-1.337	-1.054	0.053	-0.5329999999999999	0.23199999999999998	0.599	0.0	-0.355	-1.232	-0.456	0.23	1.253	2.234	-0.644	6.277	2.65	-0.263	2.259	-1.3530000000000002	-29.737
16SC13729Y	-0.369	-0.735	-2.28	-0.9420000000000001	-0.764	-1.449	-0.213	-1.0659999999999998	0.46299999999999997	-0.15	-0.268	-0.474	-1.176	-0.73	0.046	0.562	0.659	-1.0859999999999999	3.575	0.442	0.158	1.643	1.159	5.425
16SC17177Y	0.369	-0.535	-2.28	-1.885	-1.624	-1.844	-0.266	-0.5329999999999999	0.695	0.374	0.268	-1.0659999999999998	-2.464	0.091	0.414	0.9940000000000001	1.49	-0.483	3.313	2.019	-0.263	2.3	-0.9259999999999999	-28.26
16SC18221Y	0.14800000000000002	-0.602	-2.8510000000000004	-1.885	-0.955	-2.1069999999999998	0.0	-0.9590000000000001	0.648	0.225	-0.446	-1.6580000000000001	-0.8959999999999999	-0.456	0.828	1.167	1.375	0.402	4.708	2.019	0.21100000000000002	1.807	-0.7120000000000001	-28.569000000000003
16SC13730Y	-0.44299999999999995	-0.46799999999999997	-0.713	-1.2570000000000001	-0.669	-0.6579999999999999	-0.16	-1.385	0.046	-0.075	0.35700000000000004	-0.8290000000000001	-1.12	0.0	0.322	1.037	0.9740000000000001	-0.644	3.487	0.126	-0.158	1.725	0.0	2.1630000000000003
16SC16945Y	0.295	-0.602	-1.995	-2.094	-0.573	-1.58	-0.213	-1.0659999999999998	-0.23199999999999998	-0.075	0.0	-0.948	-1.68	0.27399999999999997	0.115	1.21	1.5759999999999998	-0.644	5.492999999999999	3.912	0.316	2.094	-1.0859999999999999	-1.03
16SC19350Y	0.44299999999999995	-0.201	-2.5660000000000003	-1.99	-0.764	-1.449	-0.106	-0.32	0.278	0.674	0.08900000000000001	-0.8290000000000001	-1.9040000000000001	-0.091	0.23	1.555	1.719	-1.046	5.841	2.271	-0.316	1.725	-1.068	-29.153000000000002
16SC09151Y	0.0	-0.33399999999999996	-0.998	-1.99	-0.955	-1.449	-0.37200000000000005	-0.9590000000000001	-0.46299999999999997	0.524	-0.17800000000000002	0.355	-1.456	-0.365	0.092	1.123	1.547	-0.644	5.754	3.344	0.21100000000000002	2.012	-0.652	-1.889
16SC16713Y	0.369	-0.8690000000000001	-3.278	-3.037	-1.91	-3.095	-0.16	-2.238	0.741	0.15	-0.08900000000000001	-1.777	-2.8	-1.186	0.46	2.2680000000000002	1.661	-0.7240000000000001	4.97	2.019	-0.527	2.8339999999999996	0.652	7.76
16SC10782Y	-0.07400000000000001	0.067	-1.995	-2.094	-1.337	-1.975	-0.319	-0.9590000000000001	0.602	0.299	0.268	-1.0659999999999998	-2.352	0.0	0.644	1.037	1.49	-0.885	4.185	2.019	0.263	2.3409999999999997	0.434	2.781
16SC18844Y	0.369	-0.33399999999999996	-1.568	-2.4090000000000003	-1.146	-1.185	-0.319	-0.213	0.324	0.823	0.268	0.0	-2.016	-0.365	0.368	0.9940000000000001	1.661	-0.24100000000000002	3.139	2.7760000000000002	-0.9490000000000001	2.546	-1.014	0.10300000000000001
16SC12897Y	0.14800000000000002	-0.33399999999999996	-0.998	-1.9369999999999998	-0.955	-1.054	-0.426	-1.0659999999999998	-0.556	0.449	0.17800000000000002	-0.11800000000000001	-1.9040000000000001	-0.365	0.092	0.43200000000000005	1.4609999999999999	-1.207	3.2260000000000004	3.281	-0.369	1.396	-1.883	-2.61
16SC18813Y	0.07400000000000001	-0.535	-0.713	-2.199	-1.146	-1.449	-0.37200000000000005	-1.492	-0.278	0.15	-0.268	-0.474	-1.7919999999999998	-0.091	0.322	0.778	1.49	-0.7240000000000001	4.359	3.281	0.0	1.766	-2.0269999999999997	-2.06
16SC16115Y	0.14800000000000002	-0.8690000000000001	-3.563	-3.142	-1.815	-2.634	0.053	-1.9180000000000001	0.371	0.299	-0.268	-0.355	-3.8089999999999997	-1.3230000000000002	0.782	2.095	2.062	-1.65	6.103	0.379	-0.105	2.218	-1.495	-26.818
16SC18815Y	0.96	-0.201	-1.995	-2.4090000000000003	-1.337	-2.766	-0.106	-1.492	0.787	0.225	-0.35700000000000004	-0.711	-3.136	-0.456	0.69	1.037	1.805	-1.5290000000000001	4.359	1.136	-0.053	2.423	-1.3530000000000002	-28.294
16SC18824Y	0.14800000000000002	-0.401	-0.855	-1.675	-1.146	-1.317	-0.319	-0.9590000000000001	0.139	0.449	0.17800000000000002	-1.1840000000000002	-1.568	-0.27399999999999997	0.368	0.9940000000000001	1.318	-0.563	3.8360000000000003	2.9019999999999997	-0.158	1.355	-0.8690000000000001	-1.099
16SC06666Y	0.591	-0.134	-1.8530000000000002	-1.571	-1.242	-1.712	0.106	-1.2790000000000001	0.509	0.0	-0.08900000000000001	-0.8290000000000001	-2.24	-0.456	0.598	1.253	1.432	-1.127	4.708	1.64	0.105	2.177	0.434	2.2319999999999998
16SC16459Y	0.517	-0.46799999999999997	-0.998	-2.932	-1.528	-0.922	-0.266	-0.852	-0.278	0.449	0.268	-0.711	-1.12	0.183	0.322	0.43200000000000005	1.8330000000000002	-0.885	5.231	3.533	0.105	1.766	-2.679	-3.846
16SC16120Y	0.7390000000000001	-0.602	-2.9930000000000003	-2.513	-0.955	-1.975	-0.053	-1.705	0.46299999999999997	0.299	0.08900000000000001	-0.474	-3.136	0.183	0.828	1.771	2.5780000000000003	-1.5290000000000001	5.492999999999999	2.398	-0.527	1.889	-0.57	-28.226
16SC15183Y	-0.07400000000000001	-0.8690000000000001	-1.995	-0.9420000000000001	-1.051	-2.37	-0.266	-0.426	0.46299999999999997	-0.374	0.17800000000000002	-1.777	-0.672	-1.004	0.414	0.8640000000000001	1.318	-0.805	3.487	1.767	0.158	1.109	0.142	-28.191
16SC99733Y	0.14800000000000002	-0.267	-1.8530000000000002	-2.6180000000000003	-1.146	-3.227	-0.053	-0.426	0.602	0.973	0.0	-0.5920000000000001	-2.352	1.278	0.966	2.117	2.005	-0.322	7.236000000000001	3.533	0.316	2.505	-0.142	-29.119
16SC18845Y	0.295	-0.134	-0.855	-1.885	-1.433	-1.58	-0.426	-1.598	0.139	0.374	0.17800000000000002	-0.237	-1.456	-0.365	0.69	0.475	1.26	-0.523	2.964	1.514	0.21100000000000002	1.6019999999999999	-2.7769999999999997	-29.84
16SC19333Y	0.185	-1.003	-1.8530000000000002	-1.99	-0.764	-1.449	-0.266	-0.107	-0.371	0.0	0.08900000000000001	-0.237	-1.9040000000000001	0.091	0.184	0.9940000000000001	1.8330000000000002	0.0	6.016	2.524	-0.105	1.52	-1.521	-1.339
16SC16160Y	0.44299999999999995	-0.267	-2.28	-1.571	-0.86	-1.712	-0.16	-0.852	0.41700000000000004	0.075	-0.08900000000000001	-0.711	-2.128	0.091	0.598	1.383	1.919	-1.449	4.098	1.893	0.42200000000000004	2.136	-0.35600000000000004	-28.706
15SC4443Y	0.775	-0.46799999999999997	-1.8530000000000002	-1.885	-0.955	-2.239	0.213	-1.3319999999999999	0.741	0.674	0.268	-1.0659999999999998	-1.176	-0.183	0.598	1.037	1.776	-0.7240000000000001	5.492999999999999	2.334	-0.105	2.628	0.652	4.189
16SC10440Y	0.295	-0.669	-2.5660000000000003	-2.3040000000000003	-1.91	-2.766	-0.213	-1.2790000000000001	0.9259999999999999	0.0	-0.08900000000000001	-0.948	-3.136	-0.73	0.368	1.383	1.776	-1.368	3.4	2.019	-0.474	2.218	0.941	4.704
16SC18814Y	0.7390000000000001	-0.267	-1.425	-2.6180000000000003	-1.051	-1.317	-0.479	-0.9590000000000001	0.509	0.299	0.35700000000000004	-1.3030000000000002	-1.9040000000000001	-0.27399999999999997	0.828	1.21	1.776	-1.288	4.708	1.767	-0.527	2.464	-1.5659999999999998	-28.912
16SC10028Y	0.369	-0.46799999999999997	-1.8530000000000002	-2.094	-1.337	-1.58	-0.106	-0.852	0.556	0.524	0.35700000000000004	-0.237	-2.128	-0.091	0.598	1.858	2.349	-1.046	5.667000000000001	2.9019999999999997	-0.053	3.08	-0.145	3.502
16SC16118Y	0.517	-0.46799999999999997	-2.9930000000000003	-3.665	-1.528	-2.897	-0.16	-1.385	0.509	0.374	-0.268	-2.0140000000000002	-3.248	-0.639	0.782	1.339	2.406	-1.931	6.277	2.271	-0.158	2.752	-2.421	-27.024
16SC18672Y	0.0	-0.067	-1.425	-1.99	-0.669	-1.317	-0.266	-0.9590000000000001	-0.509	0.15	0.446	-0.5920000000000001	-1.7919999999999998	-0.5479999999999999	0.092	0.562	0.802	-0.08	3.313	2.524	-0.316	2.012	-0.46299999999999997	-30.183000000000003
16SC18405Y	0.0	-0.46799999999999997	-1.8530000000000002	-2.094	-1.051	-1.58	-0.851	-0.9590000000000001	-0.371	-0.299	0.7140000000000001	-0.474	-1.7919999999999998	-0.091	0.046	0.389	0.8590000000000001	-0.805	3.7489999999999997	3.659	0.105	1.561	-1.4240000000000002	-30.732
16SC19387Y	0.0	-0.735	-1.71	-1.361	-1.242	-1.844	-0.37200000000000005	-0.639	-0.46299999999999997	-0.599	-0.08900000000000001	-0.11800000000000001	-1.232	-0.5479999999999999	0.092	1.08	1.719	-0.36200000000000004	7.585	3.029	0.9490000000000001	1.314	-0.29	0.5489999999999999
16SC16947Y	0.44299999999999995	-0.401	-1.995	-1.361	-0.573	-1.712	0.106	-0.32	0.602	0.299	-0.08900000000000001	-0.5920000000000001	-1.232	-0.5479999999999999	0.506	1.4040000000000001	0.917	-0.523	2.7030000000000003	1.4509999999999998	-0.105	1.4369999999999998	-0.57	-29.05
16SC18812Y	0.222	-0.535	-1.9240000000000002	-2.199	-0.764	-1.054	-0.053	-0.5329999999999999	0.324	0.449	0.7140000000000001	-0.059000000000000004	-1.9040000000000001	0.456	0.138	1.123	1.5759999999999998	-0.322	4.359	2.65	-0.474	1.9709999999999999	-0.6409999999999999	-29.634
16SC11542Y	0.07400000000000001	-0.669	-1.639	-1.361	-0.764	-1.317	-0.37200000000000005	-1.172	-0.139	-0.15	0.8029999999999999	-0.5920000000000001	-0.672	-0.639	-0.414	0.7340000000000001	0.0	-0.805	3.487	1.136	0.21100000000000002	1.0270000000000001	-0.507	-0.069
16SC18816Y	0.44299999999999995	-0.33399999999999996	-1.995	-2.513	-0.86	-1.58	-0.266	-0.852	0.88	0.225	0.35700000000000004	-0.711	-1.7919999999999998	-0.5479999999999999	0.644	1.879	1.547	-1.127	5.928999999999999	1.767	-0.053	2.7110000000000003	0.145	2.9530000000000003
16SC13308Y	0.665	-0.401	-1.568	-1.78	-1.051	-1.975	-0.053	-0.9590000000000001	0.648	0.225	0.17800000000000002	-0.8290000000000001	-2.24	-1.004	0.92	0.778	1.318	-1.247	1.6569999999999998	2.461	-0.105	2.3409999999999997	-0.217	4.018
16SC16457Y	0.07400000000000001	-0.8690000000000001	-2.779	-3.142	-1.051	-2.37	-0.106	-2.451	0.8340000000000001	0.225	-0.35700000000000004	-1.421	-3.0239999999999996	-0.821	0.667	1.7280000000000002	2.464	-1.449	7.672000000000001	1.704	-0.105	2.628	0.8690000000000001	8.138
16SC11550Y	0.295	-0.669	-1.71	-1.99	-1.051	-1.317	-0.479	-1.0659999999999998	-0.509	0.15	0.446	0.474	-2.016	-0.183	-0.046	1.037	1.776	-1.288	6.103	3.281	-0.158	1.643	-1.159	-3.09
16SC16197Y	0.222	-0.134	-1.425	-1.885	-1.91	-1.975	-0.213	-1.172	0.46299999999999997	0.449	0.17800000000000002	-1.0070000000000001	-3.0239999999999996	-0.27399999999999997	0.506	1.253	1.089	-1.207	4.098	1.01	0.685	2.218	-1.2819999999999998	-28.226
16SC01235Y	0.14800000000000002	-0.401	-1.568	-1.885	-0.764	-1.317	-0.37200000000000005	-0.746	-0.509	0.299	0.08900000000000001	-0.474	-1.344	-0.183	-0.276	0.475	0.9740000000000001	-0.402	5.231	2.65	0.0	1.889	-1.014	-0.858
16SC99739Y	0.295	-0.401	-1.8530000000000002	-2.513	-1.146	-2.239	-0.053	-0.639	0.787	-0.225	0.08900000000000001	-0.17800000000000002	-1.9040000000000001	-0.365	0.782	1.383	2.0340000000000003	-1.046	5.492999999999999	2.713	-0.053	2.012	-0.35600000000000004	-28.535
16SC13042Y	-0.07400000000000001	-0.602	-1.14	-1.8330000000000002	-0.955	-1.119	-0.426	-0.746	-0.46299999999999997	0.225	0.17800000000000002	-0.237	-1.232	-0.183	0.138	0.7340000000000001	1.604	-0.483	4.882	2.7760000000000002	0.527	1.0270000000000001	-1.175	-30.904
16SC17336Y	0.812	-1.203	-3.563	-3.142	-1.242	-2.502	-0.479	-1.811	0.88	0.075	0.35700000000000004	-1.0659999999999998	-2.7439999999999998	-0.27399999999999997	0.621	1.7280000000000002	2.378	-1.207	6.539	2.5869999999999997	-0.105	2.957	-0.285	-27.814
16SC19222Y	0.591	-0.46799999999999997	-1.995	-1.99	-0.764	-1.712	0.0	-0.5329999999999999	0.509	0.898	0.268	0.11800000000000001	-2.016	0.183	0.414	1.253	1.9480000000000002	-1.288	4.446000000000001	2.65	0.0	2.136	-0.507	1.271
16SC14376Y	0.295	-0.33399999999999996	-2.138	-2.042	-1.242	-2.305	-0.16	-1.385	0.509	0.225	0.35700000000000004	-0.711	-1.7919999999999998	-0.502	0.598	0.972	0.917	-0.966	3.313	2.145	-0.053	2.094	-0.57	-28.809
mean	0.18132	-0.459965	-1.64725	-2.086275	-1.060755	-1.573095	-0.27716	-0.89002	0.135225	0.189035	0.123575	-0.584555	-1.837665	-0.356855	0.30958	0.97287	1.4505	-0.836725	4.19965	2.26638	-0.144885	1.81952	-1.14029/-0.41708	-14.40134
std	0.253162604112	0.241822152713	0.704612739784	0.525434339954	0.339464439231	0.639505160437	0.201584937022	0.46704968326	0.440209845318	0.305606726252	0.349668909264	0.536481920694	0.68625841037	0.42642809308	0.327686091362	0.485054815428	0.529655942179	0.43523874275	1.56570345662	1.00097677702	0.380601721128	0.513110398457	0.794715542719/1.07222039684	15.171486281
